0 0.059854 0.31366 0.10464 0 0 0
0.2 0.23418 0.26635 0.16502 0 0 0
0.4 0.21742 0.15217 0.19899 0 0 0
0.6 0.19431 0.1183 0.074866 0 0 0
0.8 0.17005 -0.01494 -0.057266 0 0 0
1 0.15518 -0.12776 -0.14664 0 0 0
1.2 -0.065147 -0.23927 -0.12226 0 0 0
1.4 0.1734 -0.22857 -0.16243 0 0 0
1.6 0.07072 -0.32095 -0.22139 0 0 0
1.8 0.093403 -0.15218 -0.17562 0 0 0
2 -0.025265 -0.2599 -0.22336 0 0 0
2.2 0.16683 -0.17106 -0.055739 0 0 0
2.4 0.14389 -0.18677 -0.075453 0 0 0
2.6 0.37837 -0.22762 -0.063576 0 0 0
2.8 0.26815 -0.25927 -0.056394 0 0 0
3 0.068147 -0.099542 -0.017417 0 0 0
3.2 -0.091446 -0.13857 0.054271 0 0 0
3.4 -0.10257 -0.008458 0.002209 0 0 0
3.6 -0.20986 0.068884 0.051041 0 0 0
3.8 -0.20667 0.14675 0.10866 0 0 0
4 -0.11631 0.21865 0.1019 0 0 0
4.2 -0.045574 0.30201 0.25689 0 0 0
4.4 0.043291 0.35879 0.27228 0 0 0
4.6 0.097102 0.19233 0.15121 0 0 0
4.8 0.062011 0.13951 0.12575 0 0 0
5 0.10676 -0.062955 0.063183 0 0 0
5.2 0.010811 -0.085383 0.036582 0 0 0
5.4 0.02677 -0.15013 -0.10975 0 0 0
5.6 0.066891 -0.24128 -0.11447 0 0 0
5.8 0.063819 -0.2113 -0.11129 0 0 0
6 0.057278 -0.12653 -0.053627 0 0 0
6.2 0.047216 0.002665 0.13476 0 0 0
6.4 -0.06599 0.046151 0.032041 0 0 0
6.6 -0.06335 0.15477 0.13486 0 0 0
6.8 -0.089486 0.22494 0.13698 0 0 0
7 -0.10957 0.31025 0.15525 0 0 0 
7.2 -0.11073 0.34755 0.21578 0 0 0
7.4 -0.11069 0.3986 0.35103 0 0 0
7.6 -0.057083 0.46951 0.31354 0 0 0
7.8 -0.005761 0.38065 0.36503 0 0 0
8 -0.019116 0.14596 0.2055 0 0 0
8.2 0.075092 0.032123 0.028914 0 0 0
8.4 0.021285 -0.069366 -0.041878 0 0 0
8.6 0.040883 -0.10737 -0.054254 0 0 0
8.8 -0.059099 -0.20352 -0.023005 0 0 0
9 0.047711 -0.16195 -0.029263 0 0 0
9.2 0.13121 -0.056225 0.017881 0 0 0
9.4 -0.038183 -0.067962 0.042986 0 0 0
9.6 0.003182 0.083722 0.092134 0 0 0
9.8 0.10448 0.23695 0.067415 0 0 0
10 -0.12247 0.25947 0.11795 0 0 0
10.2 -0.17149 0.25793 0.094969 0 0 0
10.4 -0.15979 0.35389 0.10906 0 0 0
10.6 0.016365 0.35015 0.25729 0 0 0
10.8 0.23725 0.36419 0.20834 0 0 0
11 0.10835 0.37082 0.22559 0 0 0
11.2 0.16026 0.2305 0.12192 0 0 0
11.4 0.30863 0.10915 0.020949 0 0 0
11.6 0.17184 -0.10403 -0.19455 0 0 0
11.8 0.18107 -0.18428 -0.071075 0 0 0
12 -0.019614 -0.13969 -0.14715 0 0 0
12.2 0.16371 -0.1619 -0.18277 0 0 0
12.4 0.13131 -0.15879 -0.13888 0 0 0
12.6 0.010002 -0.07445 0.011581 0 0 0
12.8 -0.12525 -0.05059 0.056813 0 0 0
13 -0.14298 0.1955 0.002377 0 0 0
13.2 -0.096074 0.24226 0.036849 0 0 0
13.4 -0.19017 0.23469 0.15454 0 0 0
13.6 -0.14234 0.29044 0.11747 0 0 0
13.8 0.047605 0.25665 0.05647 0 0 0
14 0.33775 0.36836 0.067304 0 0 0
14.2 0.26382 0.2732 0.05474 0 0 0
14.4 0.29104 0.084689 -0.009601 0 0 0
14.6 0.046399 -0.013578 -0.029606 0 0 0
14.8 0.16402 -0.099741 -0.093221 0 0 0
15 0.19316 -0.18013 -0.079022 0 0 0
15.2 -0.001391 -0.16042 -0.11396 0 0 0
15.4 -0.10789 -0.057878 -0.084038 0 0 0
15.6 0.21412 -0.14408 -0.050567 0 0 0
15.8 0.045792 0.12258 -0.029688 0 0 0
16 -0.17391 0.13862 0.023637 0 0 0
16.2 -0.21903 0.19913 0.036732 0 0 0
16.4 -0.13373 0.18746 0.021575 0 0 0
16.6 -0.067638 0.15983 0.016991 0 0 0
16.8 -0.14626 0.12698 0.011551 0 0 0
17 0.068594 0.20262 -0.006181 0 0 0
17.2 0.064482 0.2008 0.004085 0 0 0
17.4 0.16349 0.10755 0.02944 0 0 0
17.6 0.12519 0.040206 0.040793 0 0 0
17.8 -0.070639 -0.082476 0.03921 0 0 0
18 -0.067916 -0.099912 0.041346 0 0 0
18.2 -0.015205 -0.082887 0.10234 0 0 0
18.4 -0.12565 -0.06335 -0.028107 0 0 0
18.6 -0.14979 -0.024164 -0.072754 0 0 0
18.8 -0.077295 -0.13302 -0.056089 0 0 0
19 -0.017627 0.055058 0.024012 0 0 0
19.2 -0.21836 -0.086117 -0.092808 0 0 0
19.4 -0.37697 -0.18244 -0.21953 0 0 0
19.6 -0.34726 -0.11324 -0.13644 0 0 0
19.8 -0.13183 0.13174 0.10674 0 0 0
20 0.011966 0.2631 0.14091 0 0 0
20.2 -0.005269 0.33692 0.2684 0 0 0
20.4 0.11247 0.4911 0.21793 0 0 0
20.6 0.23911 0.40277 0.35111 0 0 0
20.8 0.30566 0.3912 0.30034 0 0 0
21 0.21065 0.34373 0.20714 0 0 0
21.2 0.1585 0.047738 0.1653 0 0 0
21.4 0.070944 -0.016803 0.098639 0 0 0
21.6 0.12951 -0.16225 0.028737 0 0 0
21.8 -0.023798 -0.12433 -0.065296 0 0 0
22 0.090307 -0.0817 -0.11624 0 0 0
22.2 0.070438 -0.18222 -0.11186 0 0 0
22.4 -0.008789 -0.15265 -0.097062 0 0 0
22.6 -0.2249 -0.27718 -0.1217 0 0 0
22.8 -0.3558 -0.2385 -0.13981 0 0 0
23 -0.40677 -0.15621 -0.16955 0 0 0
23.2 -0.23634 0.098689 0.092178 0 0 0
23.4 -0.10466 0.1218 0.14929 0 0 0
23.6 -0.014552 0.31323 0.17871 0 0 0
23.8 0.024195 0.31485 0.17527 0 0 0
24 0.31214 0.45809 0.33418 0 0 0
24.2 0.30202 0.23359 0.22437 0 0 0
24.4 0.23597 0.22202 0.13703 0 0 0
24.6 -0.02704 -0.099335 0.043416 0 0 0
24.8 0.13046 -0.17893 -0.040572 0 0 0
25 0.015573 -0.16017 -0.13033 0 0 0
25.2 -0.057373 -0.29639 -0.17942 0 0 0
25.4 -0.17826 -0.40342 -0.22614 0 0 0
25.6 0.027215 -0.31844 -0.22159 0 0 0
25.8 0.074744 -0.27469 -0.19954 0 0 0
26 -0.067231 -0.31837 -0.18029 0 0 0
26.2 -0.023623 -0.30736 -0.21189 0 0 0
26.4 0.099533 -0.31418 -0.14932 0 0 0
26.6 0.054408 -0.27069 -0.13054 0 0 0
26.8 -0.050604 -0.33729 -0.20776 0 0 0
27 0.19165 -0.37901 -0.1044 0 0 0
27.2 0.055559 -0.30014 -0.090892 0 0 0
27.4 -0.10339 -0.25453 -0.11972 0 0 0
27.6 -0.3296 -0.18205 -0.15983 0 0 0
27.8 -0.29232 -0.060264 -0.090458 0 0 0
28 -0.17822 0.069164 -0.11684 0 0 0
28.2 -0.21916 0.086557 0.02663 0 0 0
28.4 -0.079308 0.16023 0.071075 0 0 0
28.6 0.14922 0.11472 0.11185 0 0 0
28.8 0.25923 0.096373 0.10658 0 0 0
29 0.19407 -0.081632 -0.025279 0 0 0
29.2 -0.032019 -0.19293 -0.18165 0 0 0
29.4 0.10047 -0.23403 -0.22504 0 0 0
29.6 -0.071506 -0.3202 -0.12805 0 0 0
29.8 -0.034987 -0.24612 -0.20578 0 0 0
30 -0.075124 -0.36793 -0.24177 0 0 0
30.2 0.041125 -0.34607 -0.12926 0 0 0
30.4 -0.17267 -0.24175 -0.15057 0 0 0
30.6 -0.21971 -0.23816 -0.14492 0 0 0
30.8 -0.26211 -0.093388 -0.2 0 0 0
31 -0.27426 0.053817 -0.065625 0 0 0
31.2 -0.28007 0.095389 -0.090815 0 0 0
31.4 0.10227 0.099019 0.08408 0 0 0
31.6 0.17142 0.13421 0.086313 0 0 0
31.8 0.17438 -0.075707 -0.012584 0 0 0
32 0.037003 -0.18443 -0.12622 0 0 0
32.2 0.089432 -0.26355 -0.24929 0 0 0
32.4 0.10831 -0.25139 -0.087656 0 0 0
32.6 0.040584 -0.27772 -0.1515 0 0 0
32.8 -0.062859 -0.19541 -0.092315 0 0 0
33 -0.14894 -0.19802 -0.11107 0 0 0
33.2 -0.30299 -0.016368 -0.049072 0 0 0
33.4 -0.30181 0.040068 -0.090812 0 0 0
33.6 -0.26626 0.004256 -0.097632 0 0 0
33.8 -0.33065 0.21206 0.090677 0 0 0
34 -0.12378 0.27862 0.060968 0 0 0
34.2 0.21523 0.30581 0.15779 0 0 0
34.4 0.20874 0.20192 0.23024 0 0 0
34.6 0.17918 0.18656 0.023229 0 0 0
34.8 0.094602 -0.011232 -0.10436 0 0 0
35 0.19737 -0.12667 -0.089474 0 0 0
35.2 -0.030219 -0.19535 -0.069571 0 0 0
35.4 0.13891 -0.24997 -0.17122 0 0 0
35.6 0.088908 -0.315 -0.21413 0 0 0
35.8 0.04634 -0.17514 -0.16359 0 0 0
36 -0.07798 -0.23849 -0.21317 0 0 0
36.2 0.14111 -0.21276 -0.066416 0 0 0
36.4 0.097998 -0.17506 -0.11625 0 0 0
36.6 0.36249 -0.20938 -0.044625 0 0 0
36.8 0.27035 -0.24929 -0.039347 0 0 0
37 0.095887 -0.10871 -0.037436 0 0 0
37.2 -0.093634 -0.1045 -0.042484 0 0 0
37.4 -0.036471 -0.023494 0.034553 0 0 0
37.6 -0.1792 0.057958 0.069291 0 0 0
37.8 -0.16136 0.14999 0.092479 0 0 0
38 -0.10777 0.20475 0.062826 0 0 0
38.2 -0.023397 0.30926 0.23066 0 0 0
38.4 0.063177 0.324 0.22609 0 0 0
38.6 0.087795 0.23785 0.17942 0 0 0
38.8 0.04521 0.13136 0.13137 0 0 0
39 0.10893 -0.023551 0.084959 0 0 0
39.2 0.046553 -0.021354 0.053131 0 0 0
39.4 0.00869 -0.15184 -0.12087 0 0 0
39.6 0.028861 -0.24504 -0.12304 0 0 0
39.8 0.079014 -0.21031 -0.10055 0 0 0
40 0.055492 -0.14658 -0.062156 0 0 0
40.2 0.050375 -0.010832 0.086436 0 0 0
40.4 -0.047731 0.036932 0.085821 0 0 0
40.6 -0.053781 0.14271 0.11504 0 0 0
40.8 -0.081241 0.18329 0.11028 0 0 0
41 -0.10776 0.30667 0.1561 0 0 0
41.2 -0.10819 0.32359 0.23548 0 0 0
41.4 -0.11502 0.36059 0.34463 0 0 0
41.6 -0.046376 0.44679 0.33174 0 0 0
41.8 0.003192 0.42845 0.36795 0 0 0
42 -0.016847 0.2015 0.24383 0 0 0
42.2 0.09761 0.054634 0.038278 0 0 0
42.4 0.008205 -0.049681 -0.059747 0 0 0
42.6 0.11274 -0.086864 0.032419 0 0 0
42.8 -0.022307 -0.21445 -0.010052 0 0 0
43 0.043615 -0.16592 -0.056985 0 0 0
43.2 0.12478 -0.074399 0.017995 0 0 0
43.4 -0.076422 -0.085237 0.028003 0 0 0
43.6 0.002288 0.10915 0.12742 0 0 0
43.8 0.083439 0.18053 0.088773 0 0 0
44 -0.13903 0.26176 0.12013 0 0 0
44.2 -0.13344 0.25501 0.07929 0 0 0
44.4 -0.16825 0.37289 0.11602 0 0 0
44.6 -0.069887 0.31684 0.25601 0 0 0
44.8 0.23952 0.39621 0.24716 0 0 0
45 0.13876 0.36262 0.24812 0 0 0
45.2 0.12583 0.24639 0.12707 0 0 0
45.4 0.26576 0.1435 0.055743 0 0 0
45.6 0.15498 -0.11099 -0.16426 0 0 0
45.8 0.15089 -0.214 -0.055612 0 0 0
46 -0.057914 -0.10893 -0.13522 0 0 0
46.2 0.008913 -0.17031 -0.14513 0 0 0
46.4 0.07104 -0.17479 -0.12903 0 0 0
46.6 0.049323 -0.10666 -0.01984 0 0 0
46.8 -0.12764 -0.078412 0.057753 0 0 0
47 -0.21413 0.064417 -0.043907 0 0 0
47.2 -0.021842 0.19597 0.032255 0 0 0
47.4 -0.13211 0.25198 0.1535 0 0 0
47.6 -0.13708 0.30012 0.10627 0 0 0
47.8 0.002089 0.20072 0.081269 0 0 0
48 0.29872 0.38894 0.053671 0 0 0
48.2 0.29346 0.29029 0.039991 0 0 0
48.4 0.26847 0.087766 0.006937 0 0 0
48.6 0.11769 -0.000789 -0.008978 0 0 0
48.8 0.18689 -0.083081 -0.095148 0 0 0
49 0.24289 -0.1381 -0.080462 0 0 0
49.2 -0.008575 -0.15812 -0.10565 0 0 0
49.4 -0.059041 -0.058918 -0.10231 0 0 0
49.6 0.16031 -0.15845 -0.06397 0 0 0
49.8 0.12772 0.10948 -0.039198 0 0 0
50 -0.13355 0.12946 0.013559 0 0 0
50.2 -0.15977 0.18749 0.037562 0 0 0
50.4 -0.23466 0.15685 0.034138 0 0 0
50.6 -0.053724 0.18726 0.01463 0 0 0
50.8 -0.12905 0.11198 0.010243 0 0 0
51 0.00414 0.17175 -0.007944 0 0 0
51.2 -0.037023 0.19431 0.009926 0 0 0
51.4 0.1574 0.096972 0.034345 0 0 0
51.6 0.1176 0.086199 0.053531 0 0 0
51.8 -0.015261 -0.043579 0.017882 0 0 0
52 -0.050543 -0.060442 0.052467 0 0 0
52.2 -9.2e-05 -0.088392 0.124 0 0 0
52.4 -0.089762 -0.065021 0.010656 0 0 0
52.6 -0.14597 -0.1234 -0.042518 0 0 0
52.8 0.003451 -0.12109 -0.099779 0 0 0
53 -0.030836 -0.025017 -0.003139 0 0 0
53.2 -0.18686 -0.067146 -0.095389 0 0 0
53.4 -0.36662 -0.15929 -0.20725 0 0 0
53.6 -0.31191 -0.096311 -0.070766 0 0 0
53.8 -0.21764 0.069306 0.02949 0 0 0
54 0.018803 0.18208 0.1359 0 0 0
54.2 0.006945 0.2944 0.28723 0 0 0
54.4 0.11645 0.53516 0.23289 0 0 0
54.6 0.17673 0.36551 0.3463 0 0 0
54.8 0.28471 0.35046 0.29929 0 0 0
55 0.24769 0.28359 0.2127 0 0 0
55.2 0.1617 0.098527 0.14718 0 0 0
55.4 0.021437 -0.038449 0.083988 0 0 0
55.6 0.14593 -0.14904 0.04727 0 0 0
55.8 0.0074 -0.045084 -0.002605 0 0 0
56 0.027927 -0.10104 -0.11974 0 0 0
56.2 0.002461 -0.19202 -0.14631 0 0 0
56.4 0.043788 -0.14306 -0.071744 0 0 0
56.6 -0.15747 -0.26105 -0.11696 0 0 0
56.8 -0.3757 -0.29379 -0.12814 0 0 0
57 -0.48009 -0.15473 -0.18715 0 0 0
57.2 -0.20561 0.039416 0.11177 0 0 0
57.4 -0.12148 0.1513 0.13278 0 0 0
57.6 -0.068749 0.28363 0.18007 0 0 0
57.8 -0.02521 0.29054 0.12756 0 0 0
58 0.27544 0.46583 0.36177 0 0 0
58.2 0.33489 0.29173 0.22074 0 0 0
58.4 0.19525 0.20218 0.1381 0 0 0
58.6 0.007814 -0.029182 0.048693 0 0 0
58.8 0.1391 -0.14457 -0.020761 0 0 0
59 0.087586 -0.12308 -0.099967 0 0 0
59.2 -0.082222 -0.28232 -0.18358 0 0 0
59.4 -0.10736 -0.30176 -0.18553 0 0 0
59.6 0.041029 -0.30417 -0.18307 0 0 0
59.8 0.07886 -0.2906 -0.20612 0 0 0
60 -0.07295 -0.33083 -0.18349 0 0 0
60.2 0.039918 -0.29819 -0.17229 0 0 0
60.4 0.15682 -0.34402 -0.15429 0 0 0
60.6 0.074827 -0.29541 -0.12503 0 0 0
60.8 -0.049272 -0.35341 -0.21392 0 0 0
61 0.21631 -0.3823 -0.10731 0 0 0
61.2 0.095989 -0.28855 -0.10511 0 0 0
61.4 -0.0584 -0.19712 -0.093151 0 0 0
61.6 -0.31163 -0.1671 -0.1332 0 0 0
61.8 -0.27376 -0.093162 -0.076695 0 0 0
62 -0.27798 0.001886 -0.11006 0 0 0
62.2 -0.23961 0.058219 0.041032 0 0 0
62.4 -0.038068 0.17103 0.049539 0 0 0
62.6 0.14947 0.13198 0.1516 0 0 0
62.8 0.15989 0.063795 0.091025 0 0 0
63 0.18023 -0.059363 -0.019235 0 0 0
63.2 0.00837 -0.17441 -0.15218 0 0 0
63.4 0.065211 -0.22077 -0.19846 0 0 0
63.6 -0.085478 -0.36075 -0.14869 0 0 0
63.8 -0.059842 -0.28217 -0.15106 0 0 0
64 -0.091597 -0.40084 -0.24123 0 0 0
64.2 -0.043393 -0.35681 -0.16897 0 0 0
64.4 -0.16365 -0.26918 -0.1584 0 0 0
64.6 -0.14371 -0.24969 -0.10897 0 0 0
64.8 -0.24872 -0.050145 -0.19663 0 0 0
65 -0.37742 -0.024029 -0.099047 0 0 0
65.2 -0.30513 0.051726 -0.10555 0 0 0
65.4 0.021347 0.12688 0.10147 0 0 0
65.6 0.13983 0.14359 0.067064 0 0 0
65.8 0.1561 -0.056428 0.060107 0 0 0
66 0.006036 -0.1127 -0.12167 0 0 0
66.2 0.11041 -0.23123 -0.23156 0 0 0
66.4 0.069035 -0.2532 -0.13742 0 0 0
66.6 0.069404 -0.31553 -0.16053 0 0 0
66.8 -0.028704 -0.1596 -0.080789 0 0 0
67 -0.092561 -0.19476 -0.080881 0 0 0
67.2 -0.44506 -0.11709 -0.13375 0 0 0
67.4 -0.27745 0.003398 -0.043717 0 0 0
67.6 0.22748 0.27591 0.15526 0 0 0
67.8 0.21024 0.17266 0.21524 0 0 0
68 0.18161 0.16327 0.038252 0 0 0
68.2 0.13057 -0.013111 -0.082893 0 0 0
68.4 0.17631 -0.1272 -0.11923 0 0 0
68.6 -0.053963 -0.21978 -0.099816 0 0 0
68.8 0.1661 -0.23939 -0.1705 0 0 0
69 0.080778 -0.32519 -0.224 0 0 0
69.2 0.067085 -0.16219 -0.16797 0 0 0
69.4 -0.051623 -0.2492 -0.21826 0 0 0
69.6 0.15816 -0.19026 -0.058246 0 0 0
69.8 0.12446 -0.18284 -0.095893 0 0 0
70 0.38337 -0.21828 -0.056004 0 0 0
70.2 0.26892 -0.25257 -0.044048 0 0 0
70.4 0.081165 -0.10284 -0.027435 0 0 0
70.6 -0.092589 -0.1216 0.00597 0 0 0
70.8 -0.07694 -0.019129 0.010081 0 0 0
71 -0.20305 0.054172 0.054329 0 0 0
71.2 -0.17851 0.14435 0.098201 0 0 0
71.4 -0.10526 0.21181 0.076879 0 0 0
71.6 -0.034486 0.30563 0.24377 0 0 0
71.8 0.052041 0.34351 0.25145 0 0 0
72 0.093632 0.21283 0.15911 0 0 0
72.2 0.046266 0.13382 0.12284 0 0 0
72.4 0.10497 -0.048827 0.07186 0 0 0
72.6 0.029023 -0.050254 0.045564 0 0 0
72.8 0.01773 -0.15098 -0.11531 0 0 0
73 0.049454 -0.24478 -0.11908 0 0 0
73.2 0.070175 -0.21459 -0.10588 0 0 0
73.4 0.056417 -0.13855 -0.05409 0 0 0
73.6 0.048727 -0.002779 0.1119 0 0 0
73.8 -0.056861 0.041542 0.058931 0 0 0
74 -0.058785 0.14933 0.12614 0 0 0
74.2 -0.085669 0.20203 0.12165 0 0 0
74.4 -0.10892 0.30267 0.14797 0 0 0
74.6 -0.10906 0.32947 0.22771 0 0 0
74.8 -0.11303 0.37716 0.35033 0 0 0
75 -0.05173 0.45815 0.32264 0 0 0
75.2 -0.002723 0.40317 0.36765 0 0 0
75.4 -0.024047 0.16959 0.22225 0 0 0
75.6 0.091617 0.043537 0.025566 0 0 0
75.8 0.013967 -0.05941 -0.057994 0 0 0
76 0.07727 -0.097009 -0.010454 0 0 0
76.2 -0.042176 -0.20897 -0.016189 0 0 0
76.4 0.04457 -0.16242 -0.039115 0 0 0
76.6 0.13168 -0.056781 0.025221 0 0 0
76.8 -0.072274 -0.076407 0.039373 0 0 0
77 0.000837 0.10102 0.11338 0 0 0
77.2 0.093962 0.20874 0.078094 0 0 0
77.4 -0.13077 0.26029 0.11985 0 0 0
77.6 -0.15185 0.25327 0.082888 0 0 0
77.8 -0.15787 0.3707 0.10707 0 0 0
78 -0.029965 0.33266 0.26158 0 0 0
78.2 0.23896 0.38066 0.22831 0 0 0
78.4 0.1234 0.36723 0.23697 0 0 0
78.6 0.14941 0.24162 0.12411 0 0 0
78.8 0.2992 0.13596 0.037768 0 0 0
79 0.15623 -0.11026 -0.1833 0 0 0
79.2 0.16186 -0.2045 -0.058198 0 0 0
79.4 -0.038764 -0.12431 -0.14119 0 0 0
79.6 0.097435 -0.16462 -0.16707 0 0 0
79.8 0.10103 -0.16256 -0.13331 0 0 0
80 0.017665 -0.087819 0.003802 0 0 0
80.2 -0.1358 -0.06927 0.060725 0 0 0
80.4 -0.18131 0.12741 -0.022659 0 0 0
80.6 -0.059047 0.21914 0.03452 0 0 0
80.8 -0.17156 0.23769 0.15671 0 0 0
81 -0.14948 0.29187 0.11207 0 0 0
81.2 0.020086 0.21345 0.06855 0 0 0
81.4 0.3199 0.37866 0.060495 0 0 0
81.6 0.27864 0.28174 0.047365 0 0 0
81.8 0.28059 0.087119 -0.002271 0 0 0
82 0.062202 -0.007397 -0.016598 0 0 0
82.2 0.17272 -0.092804 -0.091799 0 0 0
82.4 0.22851 -0.15547 -0.078119 0 0 0
82.6 -0.006457 -0.15801 -0.10982 0 0 0
82.8 -0.083464 -0.058398 -0.093173 0 0 0
83 0.19081 -0.15731 -0.056077 0 0 0
83.2 0.089872 0.11833 -0.034461 0 0 0
83.4 -0.14595 0.13376 0.018864 0 0 0
83.6 -0.17971 0.19346 0.037207 0 0 0
83.8 -0.1842 0.17216 0.027857 0 0 0
84 -0.060662 0.17353 0.015992 0 0 0
84.2 -0.13753 0.12063 0.01135 0 0 0
84.4 0.04405 0.18516 -0.008707 0 0 0
84.6 -0.005956 0.19195 0.007392 0 0 0
84.8 0.15795 0.099508 0.03278 0 0 0
85 0.1214 0.063203 0.047162 0 0 0
85.2 -0.048902 -0.068971 0.028516 0 0 0
85.4 -0.063709 -0.085423 0.042999 0 0 0
85.6 -0.002945 -0.085627 0.11964 0 0 0
85.8 -0.10481 -0.063985 -0.005261 0 0 0
86 -0.14781 -0.07435 -0.057424 0 0 0
86.2 -0.038652 -0.12707 -0.077028 0 0 0
86.4 -0.019527 0.027895 0.018747 0 0 0
86.6 -0.20781 -0.077272 -0.095587 0 0 0
86.8 -0.37939 -0.17064 -0.21987 0 0 0
87 -0.32678 -0.10132 -0.097238 0 0 0
87.2 -0.17474 0.10053 0.068113 0 0 0
87.4 0.014678 0.22853 0.13453 0 0 0
87.6 0.00094 0.31851 0.27747 0 0 0
87.8 0.12692 0.5322 0.22753 0 0 0
88 0.20952 0.38544 0.35604 0 0 0
88.2 0.29474 0.36975 0.2996 0 0 0
88.4 0.22905 0.31497 0.21026 0 0 0
88.6 0.17044 0.073128 0.16478 0 0 0
88.8 0.049312 -0.028114 0.097143 0 0 0
89 0.14109 -0.16509 0.040132 0 0 0
89.2 -0.00822 -0.077497 -0.029742 0 0 0
89.4 0.059117 -0.091368 -0.11799 0 0 0
89.6 0.038556 -0.18721 -0.12913 0 0 0
89.8 0.014001 -0.14272 -0.087462 0 0 0
90 -0.18882 -0.26638 -0.12021 0 0 0
90.2 -0.36853 -0.27047 -0.133 0 0 0
90.4 -0.44658 -0.15546 -0.17902 0 0 0
90.6 -0.22104 0.069074 0.10195 0 0 0
90.8 -0.109 0.13117 0.14249 0 0 0
91 -0.03973 0.3041 0.18363 0 0 0
91.2 -0.013083 0.29926 0.14568 0 0 0
91.4 0.29396 0.4653 0.35233 0 0 0
91.6 0.31845 0.26266 0.22255 0 0 0
91.8 0.219 0.21452 0.13893 0 0 0
92 -0.025473 -0.075873 0.049153 0 0 0
92.2 0.13148 -0.16584 -0.02696 0 0 0
92.4 0.056679 -0.13347 -0.11087 0 0 0
92.6 -0.070394 -0.28942 -0.18159 0 0 0
92.8 -0.14281 -0.35259 -0.20583 0 0 0
93 0.03265 -0.31163 -0.20557 0 0 0
93.2 0.083791 -0.27856 -0.20275 0 0 0
93.4 -0.073473 -0.32831 -0.18206 0 0 0
93.6 0.016112 -0.30292 -0.18869 0 0 0
93.8 0.12818 -0.3291 -0.15181 0 0 0
94 0.064763 -0.28104 -0.12688 0 0 0
94.2 -0.060495 -0.34246 -0.20961 0 0 0
94.4 0.21448 -0.38365 -0.095404 0 0 0
94.6 0.08436 -0.29016 -0.093531 0 0 0
94.8 -0.079291 -0.22103 -0.10534 0 0 0
95 -0.32061 -0.17458 -0.14652 0 0 0
95.2 -0.27773 -0.071564 -0.085216 0 0 0
95.4 -0.21225 0.045499 -0.11898 0 0 0
95.6 -0.2338 0.068745 0.042293 0 0 0
95.8 -0.05024 0.16703 0.062814 0 0 0
96 0.14985 0.12341 0.13201 0 0 0
96.2 0.21236 0.081719 0.10001 0 0 0
96.4 0.19241 -0.067933 -0.021017 0 0 0
96.6 -0.016058 -0.17901 -0.17091 0 0 0
96.8 0.085562 -0.22207 -0.20902 0 0 0
97 -0.083964 -0.34436 -0.13677 0 0 0
97.2 -0.047414 -0.26415 -0.17842 0 0 0
97.4 -0.079873 -0.38248 -0.24133 0 0 0
97.6 0.001094 -0.35281 -0.14488 0 0 0
97.8 -0.19427 -0.25708 -0.15904 0 0 0
98 -0.18205 -0.24825 -0.12367 0 0 0
98.2 -0.25488 -0.070312 -0.19825 0 0 0
98.4 -0.32456 0.015916 -0.081855 0 0 0
98.6 -0.29584 0.073796 -0.10717 0 0 0
98.8 0.065761 0.11077 0.09039 0 0 0
99 0.16111 0.14046 0.07575 0 0 0
99.2 0.16279 -0.070108 0.027587 0 0 0
99.4 0.02152 -0.14857 -0.12395 0 0 0
99.6 0.10021 -0.24835 -0.24115 0 0 0
99.8 0.090374 -0.24836 -0.1036 0 0 0
100 0.05087 -0.30232 -0.15857 0 0 0
100.2 -0.045144 -0.174 -0.083771 0 0 0
100.4 -0.11808 -0.19522 -0.094102 0 0 0
100.6 -0.37403 -0.066729 -0.091411 0 0 0
100.8 -0.2929 0.025999 -0.069776 0 0 0
101 -0.251 -0.015666 -0.09823 0 0 0
101.2 -0.3343 0.20791 0.092504 0 0 0
101.4 -0.22387 0.26149 0.0383 0 0 0
101.6 0.20083 0.34354 0.16505 0 0 0
101.8 0.21292 0.23996 0.24399 0 0 0
102 0.18739 0.18733 0.03062 0 0 0
102.2 0.08412 -0.008997 -0.095558 0 0 0
102.4 0.21635 -0.12375 -0.062221 0 0 0
102.6 -0.006475 -0.17092 -0.039325 0 0 0
102.8 0.096769 -0.26039 -0.16641 0 0 0
103 0.09511 -0.29038 -0.19176 0 0 0
103.2 0.034938 -0.193 -0.1647 0 0 0
103.4 -0.082937 -0.22522 -0.20857 0 0 0
103.6 0.12405 -0.23525 -0.074585 0 0 0
103.8 0.069478 -0.16615 -0.13657 0 0 0
104 0.31572 -0.20091 -0.02944 0 0 0
104.2 0.27243 -0.24942 -0.042291 0 0 0
104.4 0.11804 -0.12573 -0.047364 0 0 0
104.6 -0.090437 -0.090179 -0.080881 0 0 0
104.8 0.003998 -0.027858 0.059024 0 0 0
105 -0.14408 0.073963 0.091964 0 0 0
105.2 -0.15521 0.16366 0.091498 0 0 0
105.4 -0.13002 0.19736 0.064715 0 0 0
105.6 -0.023685 0.30688 0.21774 0 0 0
105.8 0.073786 0.30476 0.2013 0 0 0
106 0.081481 0.26377 0.20223 0 0 0
106.2 0.058842 0.13212 0.15136 0 0 0
106.4 0.11864 0.012871 0.10248 0 0 0
106.6 0.061962 -0.011855 0.056294 0 0 0
106.8 0.000458 -0.15252 -0.12016 0 0 0
107 0.008269 -0.2453 -0.127 0 0 0
107.2 0.089265 -0.20175 -0.095282 0 0 0
107.4 0.054503 -0.15061 -0.077825 0 0 0
107.6 0.052196 -0.022231 0.057628 0 0 0
107.8 -0.035832 0.032641 0.10935 0 0 0
108 -0.049324 0.13565 0.10345 0 0 0
108.2 -0.076745 0.165 0.099331 0 0 0
108.4 -0.10611 0.32152 0.17864 0 0 0
108.6 -0.10813 0.32992 0.23911 0 0 0
108.8 -0.11618 0.35579 0.32681 0 0 0
109 -0.044938 0.43811 0.3394 0 0 0
109.2 0.009107 0.45373 0.36826 0 0 0
109.4 -0.00386 0.23737 0.2677 0 0 0
109.6 0.093072 0.065416 0.067048 0 0 0
109.8 0.004226 -0.040212 -0.04502 0 0 0
110 0.12815 -0.081413 0.055068 0 0 0
110.2 -0.004402 -0.21792 -0.006392 0 0 0
110.4 0.042701 -0.16947 -0.075003 0 0 0
110.6 0.11164 -0.10642 -0.001525 0 0 0
110.8 -0.050628 -0.094452 0.008876 0 0 0
111 0.011265 0.099121 0.12717 0 0 0
111.2 0.072267 0.15399 0.094313 0 0 0
111.4 -0.14729 0.26323 0.1204 0 0 0
111.6 -0.11551 0.25923 0.078959 0 0 0
111.8 -0.19092 0.36046 0.13592 0 0 0
112 -0.10316 0.30276 0.24022 0 0 0
112.2 0.23168 0.40506 0.25797 0 0 0
112.4 0.1541 0.35805 0.25601 0 0 0
112.6 0.10225 0.25116 0.13003 0 0 0
112.8 0.21425 0.13656 0.07459 0 0 0
113 0.16808 -0.10622 -0.13744 0 0 0
113.2 0.15375 -0.20553 -0.070283 0 0 0
113.4 -0.055094 -0.1003 -0.12918 0 0 0
113.6 -0.079609 -0.176 -0.1232 0 0 0
113.8 0.041142 -0.18949 -0.12514 0 0 0
114 0.10498 -0.13096 -0.059345 0 0 0
114.2 -0.10075 -0.078018 0.047898 0 0 0
114.4 -0.22294 0.023632 -0.048636 0 0 0
114.6 0.007103 0.18061 0.030858 0 0 0
114.8 -0.092662 0.26627 0.1503 0 0 0
115 -0.11179 0.31287 0.10019 0 0 0
115.2 -0.006384 0.21844 0.094626 0 0 0
115.4 0.27271 0.3992 0.046825 0 0 0
115.6 0.30828 0.2992 0.037944 0 0 0
115.8 0.25649 0.088864 0.016139 0 0 0
116 0.18119 0.005906 -0.002446 0 0 0
116.2 0.20656 -0.070571 -0.10327 0 0 0
116.4 0.2363 -0.12803 -0.086049 0 0 0
116.6 -0.001515 -0.16604 -0.1014 0 0 0
116.8 -0.037551 -0.063144 -0.11014 0 0 0
117 0.12981 -0.15959 -0.071863 0 0 0
117.2 0.16202 0.098018 -0.043912 0 0 0
117.4 -0.13672 0.12571 0.007723 0 0 0
117.6 -0.16467 0.18113 0.037763 0 0 0
117.8 -0.27079 0.15138 0.038069 0 0 0
118 -0.047225 0.20038 0.013324 0 0 0
118.2 -0.12059 0.10308 0.009037 0 0 0
118.4 -0.05015 0.16215 -0.004104 0 0 0
118.6 -0.028718 0.20788 0.011687 0 0 0
118.8 0.16894 0.10777 0.031609 0 0 0
119 0.11721 0.10491 0.056956 0 0 0
119.2 0.018381 -0.018187 0.007248 0 0 0
119.4 -0.033104 -0.030455 0.065664 0 0 0
119.6 -0.006647 -0.091183 0.11544 0 0 0
119.8 -0.081342 -0.066518 0.018624 0 0 0
120 -0.14718 -0.14768 -0.03685 0 0 0
120.2 0.038761 -0.11287 -0.12018 0 0 0
120.4 -0.042317 -0.078402 -0.02533 0 0 0
120.6 -0.15715 -0.05594 -0.092679 0 0 0
120.8 -0.33866 -0.14839 -0.18165 0 0 0
121 -0.30817 -0.105 -0.069527 0 0 0
121.2 -0.25654 0.036951 -0.010108 0 0 0
121.4 0.022929 0.13563 0.13727 0 0 0
121.6 0.012873 0.26809 0.29726 0 0 0
121.8 0.081078 0.49999 0.234 0 0 0
122 0.14061 0.34287 0.32133 0 0 0
122.2 0.28125 0.34683 0.30216 0 0 0
122.4 0.26541 0.25996 0.21681 0 0 0
122.6 0.15296 0.12393 0.12957 0 0 0
122.8 -0.011134 -0.04805 0.062062 0 0 0
123 0.144 -0.11411 0.050151 0 0 0
123.2 0.023091 -0.036854 0.01042 0 0 0
123.4 0.002096 -0.11459 -0.12222 0 0 0
123.6 -0.033633 -0.19684 -0.16349 0 0 0
123.8 0.075629 -0.14642 -0.05423 0 0 0
124 -0.13085 -0.26119 -0.11194 0 0 0
124.2 -0.37731 -0.30845 -0.12523 0 0 0
124.4 -0.4861 -0.15416 -0.18937 0 0 0
124.6 -0.19677 0.009358 0.11206 0 0 0
124.8 -0.13396 0.17144 0.12306 0 0 0
125 -0.1003 0.25567 0.17089 0 0 0
125.2 -0.012188 0.28869 0.1209 0 0 0
125.4 0.25642 0.45664 0.35856 0 0 0
125.6 0.34659 0.31977 0.22409 0 0 0
125.8 0.17214 0.19003 0.13753 0 0 0
126 0.047503 0.022197 0.046982 0 0 0
126.2 0.1533 -0.11514 -0.021972 0 0 0
126.4 0.10829 -0.129 -0.097622 0 0 0
126.6 -0.09034 -0.27477 -0.18496 0 0 0
126.8 -0.076986 -0.26236 -0.16931 0 0 0
127 0.049407 -0.29671 -0.16056 0 0 0
127.2 0.065979 -0.30728 -0.20957 0 0 0
127.4 -0.06566 -0.32593 -0.18458 0 0 0
127.6 0.043299 -0.29312 -0.16461 0 0 0
127.8 0.15525 -0.35131 -0.1636 0 0 0
128 0.084104 -0.30887 -0.12348 0 0 0
128.2 -0.035725 -0.36498 -0.21851 0 0 0
128.4 0.19849 -0.37536 -0.13877 0 0 0
128.6 0.090446 -0.29529 -0.12562 0 0 0
128.8 -0.045277 -0.19645 -0.086256 0 0 0
129 -0.29812 -0.16813 -0.12395 0 0 0
129.2 -0.26979 -0.11476 -0.068175 0 0 0
129.4 -0.35884 -0.051244 -0.095848 0 0 0
129.6 -0.23661 0.05498 0.022849 0 0 0
129.8 -0.045282 0.17182 0.030512 0 0 0
130 0.12694 0.13788 0.15865 0 0 0
130.2 0.11258 0.048285 0.082766 0 0 0
130.4 0.16785 -0.050887 -0.017499 0 0 0
130.6 0.039943 -0.17768 -0.12671 0 0 0
130.8 0.039419 -0.23014 -0.19333 0 0 0
131 -0.065304 -0.36172 -0.16694 0 0 0
131.2 -0.067937 -0.29433 -0.12964 0 0 0
131.4 -0.10332 -0.4192 -0.24114 0 0 0
131.6 -0.089597 -0.35977 -0.19633 0 0 0
131.8 -0.080805 -0.27804 -0.14866 0 0 0
132 -0.10468 -0.24215 -0.10106 0 0 0
132.2 -0.25038 -0.051119 -0.19588 0 0 0
132.4 -0.42042 -0.060767 -0.11615 0 0 0
132.6 -0.31442 0.029655 -0.10394 0 0 0
132.8 -0.029015 0.14627 0.11615 0 0 0
133 0.10758 0.14361 0.060254 0 0 0
133.2 0.15583 -0.032136 0.082579 0 0 0
133.4 0.009801 -0.088992 -0.11927 0 0 0
133.6 0.11968 -0.21507 -0.22165 0 0 0
133.8 0.04726 -0.25906 -0.17354 0 0 0
134 0.095807 -0.31788 -0.15763 0 0 0
134.2 -0.01354 -0.15219 -0.083368 0 0 0
134.4 -0.080589 -0.20027 -0.077158 0 0 0
134.6 -0.48871 -0.1585 -0.16601 0 0 0
134.8 -0.26199 -0.019204 -0.017658 0 0 0
135 0.21523 0.30581 0.15779 0 0 0
135.2 0.20874 0.20192 0.23024 0 0 0
135.4 0.17918 0.18656 0.023229 0 0 0
135.6 0.094602 -0.011232 -0.10436 0 0 0
135.8 0.19737 -0.12667 -0.089474 0 0 0
136 -0.030219 -0.19535 -0.069571 0 0 0
136.2 0.13891 -0.24997 -0.17122 0 0 0
136.4 0.088908 -0.315 -0.21413 0 0 0
136.6 0.04634 -0.17514 -0.16359 0 0 0
136.8 -0.07798 -0.23849 -0.21317 0 0 0
137 0.14111 -0.21276 -0.066416 0 0 0
137.2 0.097998 -0.17506 -0.11625 0 0 0
137.4 0.36249 -0.20938 -0.044625 0 0 0
137.6 0.27035 -0.24929 -0.039347 0 0 0
137.8 0.095887 -0.10871 -0.037436 0 0 0
138 -0.093634 -0.1045 -0.042484 0 0 0
138.2 -0.036471 -0.023494 0.034553 0 0 0
138.4 -0.1792 0.057958 0.069291 0 0 0
138.6 -0.16136 0.14999 0.092479 0 0 0
138.8 -0.10777 0.20475 0.062826 0 0 0
139 -0.023397 0.30926 0.23066 0 0 0
139.2 0.063177 0.324 0.22609 0 0 0
139.4 0.087795 0.23785 0.17942 0 0 0
139.6 0.04521 0.13136 0.13137 0 0 0
139.8 0.10893 -0.023551 0.084959 0 0 0
140 0.046553 -0.021354 0.053131 0 0 0
140.2 0.00869 -0.15184 -0.12087 0 0 0
140.4 0.028861 -0.24504 -0.12304 0 0 0
140.6 0.079014 -0.21031 -0.10055 0 0 0
140.8 0.055492 -0.14658 -0.062156 0 0 0
141 0.050375 -0.010832 0.086436 0 0 0
141.2 -0.047731 0.036932 0.085821 0 0 0
141.4 -0.053781 0.14271 0.11504 0 0 0
141.6 -0.081241 0.18329 0.11028 0 0 0
141.8 -0.10776 0.30667 0.1561 0 0 0
142 -0.10819 0.32359 0.23548 0 0 0
142.2 -0.11502 0.36059 0.34463 0 0 0
142.4 -0.046376 0.44679 0.33174 0 0 0
142.6 0.003192 0.42845 0.36795 0 0 0
142.8 -0.016847 0.2015 0.24383 0 0 0
143 0.09761 0.054634 0.038278 0 0 0
143.2 0.008205 -0.049681 -0.059747 0 0 0
143.4 0.11274 -0.086864 0.032419 0 0 0
143.6 -0.022307 -0.21445 -0.010052 0 0 0
143.8 0.043615 -0.16592 -0.056985 0 0 0
144 0.12478 -0.074399 0.017995 0 0 0
144.2 -0.076422 -0.085237 0.028003 0 0 0
144.4 0.002288 0.10915 0.12742 0 0 0
144.6 0.083439 0.18053 0.088773 0 0 0
144.8 -0.13903 0.26176 0.12013 0 0 0
145 -0.13344 0.25501 0.07929 0 0 0
145.2 -0.16825 0.37289 0.11602 0 0 0
145.4 -0.069887 0.31684 0.25601 0 0 0
145.6 0.23952 0.39621 0.24716 0 0 0
145.8 0.13876 0.36262 0.24812 0 0 0
146 0.12583 0.24639 0.12707 0 0 0
146.2 0.26576 0.1435 0.055743 0 0 0
146.4 0.15498 -0.11099 -0.16426 0 0 0
146.6 0.15089 -0.214 -0.055612 0 0 0
146.8 -0.057914 -0.10893 -0.13522 0 0 0
147 0.008913 -0.17031 -0.14513 0 0 0
147.2 0.07104 -0.17479 -0.12903 0 0 0
147.4 0.049323 -0.10666 -0.01984 0 0 0
147.6 -0.12764 -0.078412 0.057753 0 0 0
147.8 -0.21413 0.064417 -0.043907 0 0 0
148 -0.021842 0.19597 0.032255 0 0 0
148.2 -0.13211 0.25198 0.1535 0 0 0
148.4 -0.13708 0.30012 0.10627 0 0 0
148.6 0.002089 0.20072 0.081269 0 0 0
148.8 0.29872 0.38894 0.053671 0 0 0
149 0.29346 0.29029 0.039991 0 0 0
149.2 0.26847 0.087766 0.006937 0 0 0
149.4 0.11769 -0.000789 -0.008978 0 0 0
149.6 0.18689 -0.083081 -0.095148 0 0 0
149.8 0.24289 -0.1381 -0.080462 0 0 0
150 -0.008575 -0.15812 -0.10565 0 0 0
150.2 -0.059041 -0.058918 -0.10231 0 0 0
150.4 0.16031 -0.15845 -0.06397 0 0 0
150.6 0.12772 0.10948 -0.039198 0 0 0
150.8 -0.13355 0.12946 0.013559 0 0 0
151 -0.15977 0.18749 0.037562 0 0 0
151.2 -0.23466 0.15685 0.034138 0 0 0
151.4 -0.053724 0.18726 0.01463 0 0 0
151.6 -0.12905 0.11198 0.010243 0 0 0
151.8 0.00414 0.17175 -0.007944 0 0 0
152 -0.037023 0.19431 0.009926 0 0 0
152.2 0.1574 0.096972 0.034345 0 0 0
152.4 0.1176 0.086199 0.053531 0 0 0
152.6 -0.015261 -0.043579 0.017882 0 0 0
152.8 -0.050543 -0.060442 0.052467 0 0 0
153 -9.2e-05 -0.088392 0.124 0 0 0
153.2 -0.089762 -0.065021 0.010656 0 0 0
153.4 -0.14597 -0.1234 -0.042518 0 0 0
153.6 0.003451 -0.12109 -0.099779 0 0 0
153.8 -0.030836 -0.025017 -0.003139 0 0 0
154 -0.18686 -0.067146 -0.095389 0 0 0
154.2 -0.36662 -0.15929 -0.20725 0 0 0
154.4 -0.31191 -0.096311 -0.070766 0 0 0
154.6 -0.21764 0.069306 0.02949 0 0 0
154.8 0.018803 0.18208 0.1359 0 0 0
155 0.006945 0.2944 0.28723 0 0 0
155.2 0.11645 0.53516 0.23289 0 0 0
155.4 0.17673 0.36551 0.3463 0 0 0
155.6 0.28471 0.35046 0.29929 0 0 0
155.8 0.24769 0.28359 0.2127 0 0 0
156 0.1617 0.098527 0.14718 0 0 0
156.2 0.021437 -0.038449 0.083988 0 0 0
156.4 0.14593 -0.14904 0.04727 0 0 0
156.6 0.0074 -0.045084 -0.002605 0 0 0
156.8 0.027927 -0.10104 -0.11974 0 0 0
157 0.002461 -0.19202 -0.14631 0 0 0
157.2 0.043788 -0.14306 -0.071744 0 0 0
157.4 -0.15747 -0.26105 -0.11696 0 0 0
157.6 -0.3757 -0.29379 -0.12814 0 0 0
157.8 -0.48009 -0.15473 -0.18715 0 0 0
158 -0.20561 0.039416 0.11177 0 0 0
158.2 -0.12148 0.1513 0.13278 0 0 0
158.4 -0.068749 0.28363 0.18007 0 0 0
158.6 -0.02521 0.29054 0.12756 0 0 0
158.8 0.27544 0.46583 0.36177 0 0 0
159 0.33489 0.29173 0.22074 0 0 0
159.2 0.19525 0.20218 0.1381 0 0 0
159.4 0.007814 -0.029182 0.048693 0 0 0
159.6 0.1391 -0.14457 -0.020761 0 0 0
159.8 0.087586 -0.12308 -0.099967 0 0 0
160 -0.082222 -0.28232 -0.18358 0 0 0
160.2 -0.10736 -0.30176 -0.18553 0 0 0
160.4 0.041029 -0.30417 -0.18307 0 0 0
160.6 0.07886 -0.2906 -0.20612 0 0 0
160.8 -0.07295 -0.33083 -0.18349 0 0 0
161 0.039918 -0.29819 -0.17229 0 0 0
161.2 0.15682 -0.34402 -0.15429 0 0 0
161.4 0.074827 -0.29541 -0.12503 0 0 0
161.6 -0.049272 -0.35341 -0.21392 0 0 0
161.8 0.21631 -0.3823 -0.10731 0 0 0
162 0.095989 -0.28855 -0.10511 0 0 0
162.2 -0.0584 -0.19712 -0.093151 0 0 0
162.4 -0.31163 -0.1671 -0.1332 0 0 0
162.6 -0.27376 -0.093162 -0.076695 0 0 0
162.8 -0.27798 0.001886 -0.11006 0 0 0
163 -0.23961 0.058219 0.041032 0 0 0
163.2 -0.038068 0.17103 0.049539 0 0 0
163.4 0.14947 0.13198 0.1516 0 0 0
163.6 0.15989 0.063795 0.091025 0 0 0
163.8 0.18023 -0.059363 -0.019235 0 0 0
164 0.00837 -0.17441 -0.15218 0 0 0
164.2 0.065211 -0.22077 -0.19846 0 0 0
164.4 -0.085478 -0.36075 -0.14869 0 0 0
164.6 -0.059842 -0.28217 -0.15106 0 0 0
164.8 -0.091597 -0.40084 -0.24123 0 0 0
165 -0.043393 -0.35681 -0.16897 0 0 0
165.2 -0.16365 -0.26918 -0.1584 0 0 0
165.4 -0.14371 -0.24969 -0.10897 0 0 0
165.6 -0.24872 -0.050145 -0.19663 0 0 0
165.8 -0.37742 -0.024029 -0.099047 0 0 0
166 -0.30513 0.051726 -0.10555 0 0 0
166.2 0.021347 0.12688 0.10147 0 0 0
166.4 0.13983 0.14359 0.067064 0 0 0
166.6 0.1561 -0.056428 0.060107 0 0 0
166.8 0.006036 -0.1127 -0.12167 0 0 0
167 0.11041 -0.23123 -0.23156 0 0 0
167.2 0.069035 -0.2532 -0.13742 0 0 0
167.4 0.069404 -0.31553 -0.16053 0 0 0
167.6 -0.028704 -0.1596 -0.080789 0 0 0
167.8 -0.092561 -0.19476 -0.080881 0 0 0
168 -0.44506 -0.11709 -0.13375 0 0 0
168.2 -0.27745 0.003398 -0.043717 0 0 0
168.4 -0.24663 -0.021072 -0.10241 0 0 0
168.6 -0.34187 0.20174 0.072085 0 0 0
168.8 -0.2948 0.24795 0.02351 0 0 0
169 0.18646 0.38073 0.17211 0 0 0
169.2 0.2183 0.27985 0.25747 0 0 0
169.4 0.20625 0.16559 0.060424 0 0 0
169.6 0.099124 -0.006404 -0.056501 0 0 0
169.8 0.2287 -0.11318 -0.042984 0 0 0
170 0.017196 -0.15026 -0.020419 0 0 0
170.2 0.054627 -0.2708 -0.1616 0 0 0
170.4 0.1002 -0.25742 -0.16219 0 0 0
170.6 0.03288 -0.21578 -0.1713 0 0 0
170.8 -0.060124 -0.20861 -0.20461 0 0 0
171 0.10581 -0.25172 -0.09028 0 0 0
171.2 0.043552 -0.15765 -0.15497 0 0 0
171.4 0.26587 -0.19248 -0.013801 0 0 0
171.6 0.27513 -0.25279 -0.05246 0 0 0
171.8 0.14763 -0.15392 -0.05722 0 0 0
172 -0.076734 -0.082745 -0.094361 0 0 0
172.2 0.030284 -0.036488 0.079143 0 0 0
172.4 -0.10897 0.089968 0.11464 0 0 0
172.6 -0.15441 0.18123 0.092822 0 0 0
172.8 -0.17198 0.18965 0.082548 0 0 0
173 -0.037165 0.29754 0.20507 0 0 0
173.2 0.070024 0.29283 0.1922 0 0 0
173.4 0.075056 0.28887 0.2242 0 0 0
173.6 0.072879 0.13297 0.17166 0 0 0
173.8 0.13325 0.058804 0.12377 0 0 0
174 0.075249 -0.021756 0.055053 0 0 0
174.2 -0.006144 -0.15288 -0.1068 0 0 0
174.4 -0.005016 -0.2408 -0.12869 0 0 0
174.6 0.099516 -0.19318 -0.090009 0 0 0
174.8 0.053489 -0.15307 -0.096493 0 0 0
175 0.054193 -0.036976 0.025478 0 0 0
175.2 -0.02103 0.028682 0.12937 0 0 0
175.4 -0.049126 0.1252 0.088019 0 0 0
175.6 -0.072665 0.14914 0.090909 0 0 0
175.8 -0.10446 0.33637 0.20118 0 0 0
176 -0.10867 0.34553 0.23959 0 0 0
176.2 -0.1165 0.36277 0.29688 0 0 0
176.4 -0.050169 0.434 0.34458 0 0 0
176.6 0.009105 0.47247 0.36485 0 0 0
176.8 0.009128 0.27323 0.29158 0 0 0
177 0.085346 0.076102 0.10068 0 0 0
177.2 0.002033 -0.031004 -0.013811 0 0 0
177.4 0.1235 -0.080658 0.057493 0 0 0
177.6 0.004585 -0.21231 -0.013981 0 0 0
177.8 0.038486 -0.17324 -0.088454 0 0 0
178 0.098512 -0.13844 -0.021045 0 0 0
178.2 -0.004781 -0.10393 -0.015448 0 0 0
178.4 0.027767 0.070932 0.11264 0 0 0
178.6 0.060136 0.12989 0.092283 0 0 0
178.8 -0.13618 0.26477 0.11646 0 0 0
179 -0.097821 0.26338 0.078714 0 0 0
179.2 -0.21618 0.34494 0.15813 0 0 0
179.4 -0.12978 0.29042 0.2142 0 0 0
179.6 0.21546 0.40722 0.26074 0 0 0
179.8 0.16938 0.35364 0.25342 0 0 0
180 0.083463 0.25931 0.13538 0 0 0
180.2 0.16274 0.12961 0.093436 0 0 0
180.4 0.18949 -0.098272 -0.10612 0 0 0
180.6 0.17044 -0.17909 -0.10221 0 0 0
180.8 -0.023765 -0.10044 -0.12304 0 0 0
181 -0.12793 -0.17842 -0.11196 0 0 0
181.2 0.014584 -0.20308 -0.12212 0 0 0
181.4 0.16349 -0.15592 -0.10074 0 0 0
181.6 -0.056169 -0.068611 0.031536 0 0 0
181.8 -0.20775 0.005056 -0.036849 0 0 0
182 0.015587 0.18462 0.031613 0 0 0
182.2 -0.064867 0.27691 0.14322 0 0 0
182.4 -0.086485 0.32563 0.094108 0 0 0
182.6 -0.010227 0.25098 0.10829 0 0 0
182.8 0.24188 0.40945 0.039956 0 0 0
183 0.32311 0.30852 0.042076 0 0 0
183.2 0.24839 0.10223 0.02521 0 0 0
183.4 0.24031 0.013175 0.003222 0 0 0
183.6 0.22637 -0.057984 -0.11152 0 0 0
183.8 0.21181 -0.12418 -0.094405 0 0 0
184 0.014723 -0.18177 -0.09708 0 0 0
184.2 -0.02198 -0.074848 -0.11536 0 0 0
184.4 0.095238 -0.15542 -0.077594 0 0 0
184.6 0.19632 0.086552 -0.048627 0 0 0
184.8 -0.14604 0.12219 0.001677 0 0 0
185 -0.19443 0.17438 0.03781 0 0 0
185.2 -0.29188 0.15622 0.039534 0 0 0
185.4 -0.044144 0.20878 0.012458 0 0 0
185.6 -0.11224 0.096433 0.008201 0 0 0
185.8 -0.10444 0.15254 -0.000263 0 0 0
186 0.009567 0.22997 0.01286 0 0 0
186.2 0.19256 0.1319 0.024572 0 0 0
186.4 0.12261 0.11631 0.055369 0 0 0
186.6 0.047335 0.000757 0.001484 0 0 0
186.8 -0.015664 -0.000468 0.078862 0 0 0
187 -0.016049 -0.093982 0.10297 0 0 0
187.2 -0.079554 -0.068475 0.018643 0 0 0
187.4 -0.15145 -0.14719 -0.040421 0 0 0
187.6 0.043221 -0.094404 -0.12991 0 0 0
187.8 -0.053837 -0.12402 -0.043885 0 0 0
188 -0.12743 -0.044733 -0.089969 0 0 0
188.2 -0.30054 -0.1378 -0.14737 0 0 0
188.4 -0.31555 -0.12738 -0.09352 0 0 0
188.6 -0.28956 0.002922 -0.051139 0 0 0
188.8 0.01936 0.1079 0.1393 0 0 0
189 0.018714 0.24218 0.30683 0 0 0
189.2 0.040447 0.45678 0.23422 0 0 0
189.4 0.10116 0.31753 0.28113 0 0 0
189.6 0.28436 0.35886 0.30821 0 0 0
189.8 0.28022 0.26114 0.22627 0 0 0
190 0.14754 0.1527 0.11845 0 0 0
190.2 -0.043705 -0.057651 0.040136 0 0 0
190.4 0.13818 -0.068264 0.050571 0 0 0
190.6 0.038851 -0.052808 0.009333 0 0 0
190.8 -0.016784 -0.13317 -0.12565 0 0 0
191 -0.044325 -0.19098 -0.1706 0 0 0
191.2 0.10584 -0.14988 -0.038119 0 0 0
191.4 -0.10479 -0.26198 -0.10671 0 0 0
191.6 -0.37366 -0.31493 -0.12417 0 0 0
191.8 -0.46462 -0.15375 -0.1857 0 0 0
192 -0.20421 -0.021689 0.088747 0 0 0
192.2 -0.14823 0.18468 0.11409 0 0 0
192.4 -0.13186 0.2277 0.16172 0 0 0
192.6 0.013064 0.29018 0.11982 0 0 0
192.8 0.2369 0.43773 0.3427 0 0 0
193 0.35281 0.34661 0.23345 0 0 0
193.2 0.16636 0.18298 0.1438 0 0 0
193.4 0.086533 0.07181 0.046869 0 0 0
193.6 0.16768 -0.08548 -0.023388 0 0 0
193.8 0.1203 -0.14884 -0.10258 0 0 0
194 -0.094745 -0.26679 -0.18574 0 0 0
194.2 -0.056871 -0.24604 -0.16133 0 0 0
194.4 0.042426 -0.29927 -0.1488 0 0 0
194.6 0.053097 -0.32395 -0.21302 0 0 0
194.8 -0.055702 -0.3181 -0.18554 0 0 0
195 0.026254 -0.2877 -0.16566 0 0 0
195.2 0.122 -0.35058 -0.18008 0 0 0
195.4 0.087243 -0.31528 -0.12429 0 0 0
195.6 -0.02222 -0.37257 -0.22052 0 0 0
195.8 0.18067 -0.36841 -0.17023 0 0 0
196 0.071828 -0.30841 -0.15293 0 0 0
196.2 -0.039921 -0.21902 -0.084658 0 0 0
196.4 -0.2769 -0.18363 -0.12161 0 0 0
196.6 -0.27099 -0.13361 -0.068337 0 0 0
196.8 -0.4397 -0.10437 -0.08164 0 0 0
197 -0.23093 0.053946 -0.000458 0 0 0
197.2 -0.071882 0.16941 0.005732 0 0 0
197.4 0.082264 0.1411 0.15316 0 0 0
197.6 0.088692 0.043737 0.077782 0 0 0
197.8 0.16167 -0.039186 -0.012238 0 0 0
198 0.071516 -0.18095 -0.10123 0 0 0
198.2 0.009982 -0.24665 -0.19186 0 0 0
198.4 -0.023441 -0.34728 -0.19153 0 0 0
198.6 -0.06965 -0.29784 -0.11696 0 0 0
198.8 -0.10566 -0.41889 -0.24103 0 0 0
199 -0.13514 -0.36268 -0.22342 0 0 0
199.2 0.013059 -0.28621 -0.13699 0 0 0
199.4 -0.064945 -0.22562 -0.099952 0 0 0
199.6 -0.25986 -0.073233 -0.19602 0 0 0
199.8 -0.43185 -0.087222 -0.13297 0 0 0
200 -0.31851 0.014537 -0.10074 0 0 0
200.2 -0.079378 0.16566 0.13082 0 0 0
200.4 0.070789 0.14234 0.05422 0 0 0
200.6 0.16198 0.002769 0.095005 0 0 0
200.8 0.034133 -0.078284 -0.11673 0 0 0
201 0.12053 -0.20752 -0.20886 0 0 0
201.2 0.029058 -0.26454 -0.2067 0 0 0
201.4 0.12221 -0.32022 -0.15473 0 0 0
201.6 0.000631 -0.15025 -0.090284 0 0 0
201.8 -0.082163 -0.21173 -0.082934 0 0 0
202 -0.48423 -0.18417 -0.18055 0 0 0
202.2 -0.2492 -0.031376 0.001124 0 0 0
