0 0 0 0 0 0 0
0.2 0.39334 1.3262 0.064778 0 0 0
0.4 0.51685 2.3184 -0.30799 0 0 0
0.6 0.61767 3.0977 -0.54669 0 0 0
0.8 0.672 3.865 -0.99991 0 0 0
1 1.0373 4.8275 -0.73377 0 0 0
1.2 1.0841 5.4249 -0.88439 0 0 0
1.4 1.1938 5.7258 -1.006 0 0 0
1.6 1.1357 5.1513 -0.743 0 0 0
1.8 0.87805 4.323 -0.70029 0 0 0
2 0.83856 3.4426 -0.30969 0 0 0
2.2 0.64251 2.3456 0.11095 0 0 0
2.4 0.3921 1.4058 0.097851 0 0 0
2.6 0.10856 -0.1243 0.36288 0 0 0
2.8 -0.11569 -1.7574 1.0183 0 0 0
3 -0.17663 -2.2174 1.2383 0 0 0
3.2 -0.13289 -1.3639 0.51271 0 0 0
3.4 -0.056442 -0.56027 0.031807 0 0 0
3.6 0.10307 0.20493 -0.044087 0 0 0
3.8 0.26364 1.0893 -0.18372 0 0 0
4 0.31459 1.6554 -0.56866 0 0 0
4.2 0.38409 2.0632 -0.94858 0 0 0
4.4 0.46712 2.5863 -1.0671 0 0 0
4.6 0.72491 3.862 -0.86454 0 0 0
4.8 0.89329 4.6487 -1.0295 0 0 0
5 0.955 5.0877 -1.1451 0 0 0
5.2 0.96239 5.2029 -1.1653 0 0 0
5.4 0.93826 4.6738 -0.98988 0 0 0
5.6 0.71298 3.7458 -0.50415 0 0 0
5.8 0.57664 2.934 -0.053439 0 0 0
6 0.38301 1.8409 0.17359 0 0 0
6.2 0.15469 0.32195 0.14208 0 0 0
6.4 -0.019015 -1.0382 0.52511 0 0 0
6.6 -0.21162 -1.9998 0.58962 0 0 0 
6.8 -0.19159 -2.1413 0.41517 0 0 0
7 -0.11353 -1.6998 0.18374 0 0 0
7.2 -0.02414 -0.64926 0.36417 0 0 0
7.4 0.047368 0.13681 0.45222 0 0 0
7.6 0.39969 1.1853 -0.36403 0 0 0
7.8 0.42627 1.9478 -0.38468 0 0 0
8 0.59286 2.6443 -0.52139 0 0 0
8.2 0.78813 3.2418 -0.86412 0 0 0
8.4 0.78211 3.6953 -0.86386 0 0 0
8.6 0.98201 4.1717 -1.1406 0 0 0
8.8 0.75669 4.5652 -0.64469 0 0 0
9 0.52764 4.1093 -0.39439 0 0 0
9.2 0.47292 2.9376 -0.34865 0 0 0
9.4 0.34742 2.121 -0.023291 0 0 0
9.6 0.15102 1.159 0.18021 0 0 0
9.8 0.030197 -0.34462 0.41254 0 0 0
10 -0.18233 -1.5549 0.7103 0 0 0
10.2 -0.4519 -2.5343 1.1079 0 0 0
10.4 -0.50318 -3.2495 1.1148 0 0 0
10.6 -0.34543 -3.6879 1.0678 0 0 0
10.8 -0.50728 -2.6055 1.0306 0 0 0
11 -0.15935 -1.5689 0.63732 0 0 0
11.2 0.035476 -0.72824 0.468 0 0 0
11.4 -0.090313 0.25766 0.32422 0 0 0
11.6 0.36441 1.1535 -0.21403 0 0 0
11.8 0.45218 1.8515 -0.32117 0 0 0
12 0.80342 2.6106 -0.57326 0 0 0
12.2 0.72776 3.1508 -0.58349 0 0 0
12.4 1.056 4.0062 -0.9945 0 0 0
12.6 0.62655 4.3944 -0.79546 0 0 0
12.8 0.76193 4.1597 -0.69956 0 0 0
13 0.42716 2.8625 -0.35337 0 0 0
13.2 0.21303 1.8022 -0.14675 0 0 0
13.4 0.01982 1.2187 0.025294 0 0 0
13.6 0.49139 0.58942 0.041379 0 0 0
13.8 0.24712 -0.96087 0.41932 0 0 0
14 0.010651 -1.8366 0.62451 0 0 0
14.2 -0.38459 -2.4391 0.79333 0 0 0
14.4 -0.14748 -1.7259 0.62558 0 0 0
14.6 0.077982 -1.0545 0.4235 0 0 0
14.8 0.15081 -0.060101 0.20448 0 0 0
15 -0.041423 0.86327 0.060138 0 0 0
15.2 0.27498 2.2012 -0.23956 0 0 0
15.4 1.2387 3.084 -0.59814 0 0 0
15.6 0.99919 3.5635 -0.73196 0 0 0
15.8 0.99479 4.2529 -0.87479 0 0 0
16 1.383 5.4023 -1.1202 0 0 0
16.2 1.4018 5.6679 -1.1763 0 0 0
16.4 1.3509 5.2011 -1.0599 0 0 0
16.6 0.92875 4.1997 -0.77069 0 0 0
16.8 0.52809 3.4041 -0.62707 0 0 0
17 0.39384 2.4385 -0.38528 0 0 0
17.2 0.27818 1.5467 -0.13828 0 0 0
17.4 0.16235 0.46068 0.16833 0 0 0
17.6 0.33171 -0.62543 0.42181 0 0 0
17.8 -0.21214 -1.7251 0.70174 0 0 0
18 -0.005186 -1.5698 0.6481 0 0 0
18.2 -0.20433 -1.0489 0.47265 0 0 0
18.4 -0.48694 -0.90914 0.33392 0 0 0
18.6 -0.33754 0.66498 -0.095254 0 0 0
18.8 -0.35668 1.4123 -0.35979 0 0 0
19 0.19136 2.4419 -0.47818 0 0 0
19.2 0.31715 3.3144 -0.70607 0 0 0
19.4 0.66556 4.1493 -0.84945 0 0 0
19.6 1.0172 4.8764 -0.95422 0 0 0
19.8 0.84154 5.2235 -1.1302 0 0 0
20 0.89898 5.1857 -1.1043 0 0 0
20.2 0.78044 4.489 -0.94267 0 0 0
20.4 0.54838 3.5362 -0.72958 0 0 0
20.6 0.2272 2.2818 -0.48285 0 0 0
20.8 0.10882 1.1183 -0.1409 0 0 0
21 0.033729 0.13361 0.1786 0 0 0
21.2 -0.014019 -1.3417 0.62904 0 0 0
21.4 -0.24573 -3.1946 1.1712 0 0 0
21.6 -0.56782 -3.5276 1.1029 0 0 0
21.8 -0.61071 -2.1718 0.59129 0 0 0
22 -0.74296 -1.0245 0.059869 0 0 0
22.2 -0.54532 0.019071 -0.17089 0 0 0
22.4 -0.38601 0.87491 -0.37147 0 0 0
22.6 -0.048642 1.8427 -0.50324 0 0 0
22.8 0.22873 2.9274 -0.71064 0 0 0
23 0.67765 4.0202 -0.81825 0 0 0
23.2 0.6977 4.3604 -0.93995 0 0 0
23.4 0.79524 4.7976 -1.0449 0 0 0
23.6 1.1024 5.5325 -1.1088 0 0 0
23.8 1.167 5.7997 -1.1335 0 0 0
24 0.92416 5.1938 -1.1473 0 0 0
24.2 0.51694 4.0291 -0.98306 0 0 0
24.4 0.44035 2.9905 -0.6781 0 0 0
24.6 0.37485 1.9458 -0.23898 0 0 0
24.8 0.40951 0.76145 0.18571 0 0 0
25 0.12499 -0.4833 0.51117 0 0 0
25.2 0.10724 -1.7665 1.0024 0 0 0
25.4 -0.40224 -3.3178 1.1241 0 0 0
25.6 -0.76715 -3.742 0.95927 0 0 0
25.8 -0.65121 -2.1237 0.39128 0 0 0
26 -0.37791 -0.56872 0.010146 0 0 0
26.2 -0.12509 0.95266 -0.4229 0 0 0
26.4 -0.13561 1.8229 -0.7374 0 0 0
26.6 0.14592 2.6647 -0.80739 0 0 0
26.8 0.54931 3.9927 -0.96532 0 0 0
27 0.97397 4.7532 -0.86098 0 0 0
27.2 0.94333 5.326 -1.1141 0 0 0
27.4 0.85283 5.5393 -1.3179 0 0 0
27.6 1.1015 6.0226 -1.3098 0 0 0
27.8 1.4792 6.5206 -1.0876 0 0 0
28 0.99553 4.4061 -0.64563 0 0 0
28.2 1.2128 5.001 -0.65082 0 0 0
28.4 1.3545 5.1789 -0.6134 0 0 0
28.6 1.1774 4.7497 -0.61084 0 0 0
28.8 0.86755 3.4838 -0.42952 0 0 0
29 0.73619 2.2577 0.017413 0 0 0
29.2 0.61368 1.4126 0.3294 0 0 0
29.4 0.46887 0.37215 0.54264 0 0 0
29.6 0.061444 -1.5368 1.0131 0 0 0
29.8 0.11935 -2.595 1.6249 0 0 0
30 0.001385 -1.8769 1.0382 0 0 0
30.2 -0.15549 -1.2012 0.47015 0 0 0
30.4 -0.071731 -0.28864 0.060837 0 0 0
30.6 0.30832 1.1529 -0.023321 0 0 0
30.8 0.45149 2.1478 -0.36715 0 0 0
31 0.59381 2.9641 -0.51448 0 0 0
31.2 0.66196 3.7509 -0.90903 0 0 0
31.4 0.95798 4.6497 -0.81722 0 0 0
31.6 1.0719 5.2486 -0.79228 0 0 0
31.8 1.2073 5.7854 -1.0122 0 0 0
32 1.1333 5.3218 -0.87758 0 0 0
32.2 0.91307 4.5615 -0.75916 0 0 0
32.4 0.83473 3.5528 -0.42855 0 0 0
32.6 0.68133 2.5374 0.067158 0 0 0
32.8 0.44203 1.6801 0.077458 0 0 0
33 0.13966 0.15512 0.26279 0 0 0
33.2 -0.077079 -1.3786 0.79244 0 0 0
33.4 -0.17858 -2.219 1.2241 0 0 0
33.6 -0.16108 -1.6237 0.63114 0 0 0
33.8 -0.085372 -0.74308 0.11596 0 0 0
34 0.061676 -0.01464 0.031521 0 0 0
34.2 0.24833 0.95274 -0.11209 0 0 0
34.4 0.32218 1.6203 -0.5627 0 0 0
34.6 0.40279 1.9889 -0.7644 0 0 0
34.8 0.4455 2.4677 -1.0501 0 0 0
35 0.6804 3.633 -0.9209 0 0 0
35.2 0.8489 4.478 -1.0072 0 0 0
35.4 0.9714 5.1229 -1.2538 0 0 0
35.6 0.96598 5.1819 -1.1814 0 0 0
35.8 0.97414 4.8224 -1.0549 0 0 0
36 0.75074 3.8408 -0.6149 0 0 0
36.2 0.6152 3.1225 -0.069254 0 0 0
36.4 0.46564 2.1574 -0.008545 0 0 0
36.6 0.20122 0.64194 0.12893 0 0 0
36.8 0.002539 -0.79271 0.39291 0 0 0
37 -0.18037 -1.8489 0.55525 0 0 0
37.2 -0.19672 -2.148 0.39454 0 0 0
37.4 -0.16716 -1.868 0.34169 0 0 0
37.6 -0.055146 -0.93124 0.2625 0 0 0
37.8 0.003307 -0.038931 0.45729 0 0 0
38 0.32859 0.99935 -0.20059 0 0 0
38.2 0.40326 1.7282 -0.38777 0 0 0
38.4 0.59602 2.5253 -0.57494 0 0 0
38.6 0.78266 3.2014 -0.81012 0 0 0
38.8 0.79169 3.5516 -0.89186 0 0 0
39 0.99089 4.0586 -1.171 0 0 0
39.2 0.80405 4.6231 -0.74797 0 0 0
39.4 0.48604 4.2092 -0.38728 0 0 0
39.6 0.56335 3.0728 -0.48208 0 0 0
39.8 0.2844 2.3431 0.046871 0 0 0
40 0.15262 1.351 0.19618 0 0 0
40.2 0.082759 -0.009491 0.29342 0 0 0
40.4 -0.1492 -1.3309 0.69985 0 0 0
40.6 -0.37068 -2.3158 1.0182 0 0 0
40.8 -0.54905 -3.2016 1.1781 0 0 0
41 -0.34625 -3.7585 1.1168 0 0 0
41.2 -0.54501 -2.885 1.1101 0 0 0
41.4 -0.17181 -1.7889 0.66817 0 0 0
41.6 -0.054092 -0.96782 0.55747 0 0 0
41.8 -0.11323 0.08235 0.40821 0 0 0
42 0.20307 1.0431 -0.077081 0 0 0
42.2 0.59786 1.6664 -0.33 0 0 0
42.4 0.69998 2.4621 -0.5217 0 0 0
42.6 0.75817 3.0762 -0.60759 0 0 0
42.8 1.0204 3.7792 -0.93643 0 0 0
43 0.70474 4.4621 -0.85755 0 0 0
43.2 0.6482 4.2001 -0.65917 0 0 0
43.4 0.55765 3.1265 -0.44939 0 0 0
43.6 0.3125 1.9829 -0.20222 0 0 0
43.8 0.023645 1.4551 -0.053795 0 0 0
44 0.41038 0.77617 0.033383 0 0 0
44.2 0.30215 -0.64862 0.35073 0 0 0
44.4 -0.024943 -1.7885 0.60296 0 0 0
44.6 -0.35152 -2.4068 0.7651 0 0 0
44.8 -0.18741 -1.8572 0.64259 0 0 0
45 -0.00111 -1.1964 0.47987 0 0 0
45.2 0.097466 -0.25625 0.2472 0 0 0
45.4 0.10325 0.74823 0.07509 0 0 0
45.6 0.2045 1.8944 -0.18565 0 0 0
45.8 1.1115 3.009 -0.56816 0 0 0
46 1.0535 3.4692 -0.70058 0 0 0
46.2 0.94986 4.0631 -0.83447 0 0 0
46.4 1.4204 5.334 -1.1174 0 0 0
46.6 1.2887 5.5546 -1.1459 0 0 0
46.8 1.3736 5.3322 -1.0931 0 0 0
47 0.95181 4.4184 -0.81941 0 0 0
47.2 0.53854 3.4957 -0.63989 0 0 0
47.4 0.41304 2.6771 -0.44599 0 0 0
47.6 0.29448 1.708 -0.17692 0 0 0
47.8 0.24579 0.67242 0.085528 0 0 0
48 0.26245 -0.5024 0.39573 0 0 0
48.2 -0.21536 -1.5587 0.65365 0 0 0
48.4 0.020961 -1.6406 0.67839 0 0 0
48.6 -0.051878 -1.0918 0.50074 0 0 0
48.8 -0.43129 -0.87065 0.35504 0 0 0
49 -0.36961 0.42392 -0.030499 0 0 0
49.2 -0.39616 1.18 -0.29542 0 0 0
49.4 0.13777 2.2954 -0.44964 0 0 0
49.6 0.21947 3.0088 -0.64311 0 0 0
49.8 0.65878 4.0281 -0.81634 0 0 0
50 0.86291 4.8329 -1.0042 0 0 0
50.2 0.89637 5.1819 -1.1046 0 0 0
50.4 0.90135 5.2109 -1.1074 0 0 0
50.6 0.89761 4.6782 -0.96589 0 0 0
50.8 0.54074 3.8157 -0.83611 0 0 0
51 0.31078 2.5708 -0.54122 0 0 0
51.2 0.1034 1.3622 -0.22148 0 0 0
51.4 0.048015 0.34511 0.11149 0 0 0
51.6 -0.073867 -1.0241 0.50001 0 0 0
51.8 -0.19098 -2.851 1.0883 0 0 0
52 -0.49008 -3.5658 1.1767 0 0 0
52.2 -0.60179 -2.4135 0.69513 0 0 0
52.4 -0.75185 -1.3121 0.16812 0 0 0
52.6 -0.54005 -0.16482 -0.11464 0 0 0
52.8 -0.38539 0.66666 -0.28548 0 0 0
53 -0.32132 1.5283 -0.53768 0 0 0
53.2 0.26686 2.762 -0.61533 0 0 0
53.4 0.59919 3.8265 -0.79663 0 0 0
53.6 0.7062 4.3188 -0.91972 0 0 0
53.8 0.74093 4.6143 -1.014 0 0 0
54 1.0732 5.4798 -1.1104 0 0 0
54.2 1.0435 5.7172 -1.1665 0 0 0
54.4 0.98157 5.4435 -1.201 0 0 0
54.6 0.6231 4.287 -1.0111 0 0 0
54.8 0.42962 3.1542 -0.75276 0 0 0
55 0.47444 2.1553 -0.24431 0 0 0
55.2 0.41101 1.2676 -0.040725 0 0 0
55.4 0.037906 -0.19086 0.29854 0 0 0
55.6 0.084972 -1.4675 0.88409 0 0 0
55.8 -0.24251 -3.0366 1.1724 0 0 0
56 -0.7122 -3.8391 1.0494 0 0 0
56.2 -0.69848 -2.571 0.54566 0 0 0
56.4 -0.347 -0.77938 0.11784 0 0 0
56.6 -0.15384 0.7441 -0.33641 0 0 0
56.8 -0.15918 1.6846 -0.71165 0 0 0
57 0.085414 2.5031 -0.80643 0 0 0
57.2 0.49672 3.7466 -0.91392 0 0 0
57.4 0.93793 4.4869 -0.75431 0 0 0
57.6 1.035 5.2848 -1.006 0 0 0
57.8 0.97997 5.4913 -1.1754 0 0 0
58 1.0545 5.9503 -1.3519 0 0 0
58.2 1.3736 6.423 -1.1893 0 0 0
58.4 1.0309 4.3065 -0.56327 0 0 0
58.6 1.091 4.7692 -0.68757 0 0 0
58.8 1.3514 5.2505 -0.63272 0 0 0
59 1.2492 4.8987 -0.58744 0 0 0
59.2 0.91484 3.7558 -0.50287 0 0 0
59.4 0.79213 2.4034 0.029344 0 0 0
59.6 0.59108 1.7477 0.1037 0 0 0
59.8 0.46901 0.59877 0.43879 0 0 0
60 0.12209 -1.2446 0.95162 0 0 0
60.2 0.15795 -2.4862 1.6396 0 0 0
60.4 0.019917 -2.0599 1.1854 0 0 0
60.6 -0.1739 -1.365 0.54563 0 0 0
60.8 -0.093375 -0.45799 0.14493 0 0 0
61 0.25988 0.95705 -0.05114 0 0 0
61.2 0.44989 1.9395 -0.23589 0 0 0
61.4 0.57879 2.8193 -0.45702 0 0 0
61.6 0.65729 3.639 -0.8065 0 0 0
61.8 0.85025 4.4476 -0.95839 0 0 0
62 1.0854 5.1698 -0.77018 0 0 0
62.2 1.1835 5.802 -1.0428 0 0 0
62.4 1.1397 5.4594 -0.95951 0 0 0
62.6 0.95795 4.7727 -0.79303 0 0 0
62.8 0.80924 3.662 -0.58895 0 0 0
63 0.67098 2.8788 -0.20438 0 0 0
63.2 0.46238 1.9546 -0.055047 0 0 0
63.4 0.19433 0.4729 0.1805 0 0 0
63.6 -0.032116 -1.0242 0.62076 0 0 0
63.8 -0.18014 -2.204 1.1905 0 0 0
64 -0.19656 -1.9639 0.80663 0 0 0
64.2 -0.095376 -0.94471 0.30112 0 0 0
64.4 0.037472 -0.14572 0.036517 0 0 0
64.6 0.2225 0.79917 -0.093853 0 0 0
64.8 0.32433 1.5558 -0.52491 0 0 0
65 0.42487 1.9187 -0.5523 0 0 0
65.2 0.4315 2.3651 -0.99087 0 0 0
65.4 0.60989 3.2763 -0.9629 0 0 0
65.6 0.8153 4.3277 -0.93415 0 0 0
65.8 0.9745 5.0912 -1.2736 0 0 0
66 0.97016 5.1472 -1.1886 0 0 0
66.2 1.0034 4.9282 -1.1123 0 0 0
66.4 0.79408 4.0119 -0.72232 0 0 0
66.6 0.63608 3.3572 -0.16207 0 0 0
66.8 0.50884 2.4007 -0.085671 0 0 0
67 0.24361 0.95326 0.14367 0 0 0
67.2 0.022524 -0.5389 0.24704 0 0 0
67.4 -0.13968 -1.6677 0.56052 0 0 0
67.6 0.34612 1.2425 0.012962 0 0 0
67.8 0.48133 2.2348 -0.34606 0 0 0
68 0.60574 3.0309 -0.53058 0 0 0
68.2 0.66386 3.8015 -0.96059 0 0 0
68.4 1.0041 4.7441 -0.76233 0 0 0
68.6 1.0743 5.3225 -0.8281 0 0 0
68.8 1.2043 5.7599 -1.0066 0 0 0
69 1.1345 5.2365 -0.81029 0 0 0
69.2 0.89543 4.4423 -0.72834 0 0 0
69.4 0.84619 3.5005 -0.34996 0 0 0
69.6 0.67032 2.4159 0.12796 0 0 0
69.8 0.42097 1.5429 0.10245 0 0 0
70 0.12277 0.013227 0.31182 0 0 0
70.2 -0.096384 -1.568 0.90537 0 0 0
70.4 -0.17629 -2.2201 1.2422 0 0 0
70.6 -0.14517 -1.4737 0.55773 0 0 0
70.8 -0.073749 -0.64885 0.058719 0 0 0
71 0.080486 0.085428 0.001469 0 0 0
71.2 0.25601 1.0211 -0.14774 0 0 0
71.4 0.31716 1.6366 -0.56671 0 0 0
71.6 0.38953 2.0232 -0.87705 0 0 0
71.8 0.45492 2.524 -1.0663 0 0 0
72 0.70617 3.7648 -0.89466 0 0 0
72.2 0.87036 4.562 -1.0218 0 0 0
72.4 0.9632 5.1053 -1.1995 0 0 0
72.6 0.96256 5.1993 -1.173 0 0 0
72.8 0.95801 4.7598 -1.0245 0 0 0
73 0.73099 3.7815 -0.56004 0 0 0
73.2 0.59802 3.0227 -0.052193 0 0 0
73.4 0.42503 2.0004 0.080664 0 0 0
73.6 0.17797 0.48157 0.13542 0 0 0
73.8 -0.006306 -0.91829 0.47104 0 0 0
74 -0.19784 -1.9302 0.56469 0 0 0
74.2 -0.1917 -2.1416 0.38042 0 0 0
74.4 -0.14288 -1.7873 0.26663 0 0 0
74.6 -0.039643 -0.79025 0.31333 0 0 0
74.8 0.025186 0.048899 0.461 0 0 0
75 0.37636 1.1222 -0.30314 0 0 0
75.2 0.41638 1.8589 -0.38955 0 0 0
75.4 0.60184 2.5908 -0.56509 0 0 0
75.6 0.78694 3.224 -0.83914 0 0 0
75.8 0.78659 3.6237 -0.87733 0 0 0
76 0.99141 4.1125 -1.1653 0 0 0
76.2 0.78623 4.6214 -0.70753 0 0 0
76.4 0.49493 4.1805 -0.39605 0 0 0
76.6 0.52166 2.9931 -0.42795 0 0 0
76.8 0.31591 2.2321 0.01179 0 0 0
77 0.15192 1.2574 0.18806 0 0 0
77.2 0.060361 -0.18917 0.34775 0 0 0
77.4 -0.15985 -1.4491 0.69735 0 0 0
77.6 -0.40555 -2.422 1.0636 0 0 0
77.8 -0.52715 -3.2283 1.1478 0 0 0
78 -0.34584 -3.7232 1.0923 0 0 0
78.2 -0.53358 -2.7381 1.0759 0 0 0
78.4 -0.16417 -1.679 0.65834 0 0 0
78.6 -0.014722 -0.86993 0.52931 0 0 0
78.8 -0.11464 0.16524 0.37959 0 0 0
79 0.28374 1.0983 -0.14555 0 0 0
79.2 0.51919 1.76 -0.32366 0 0 0
79.4 0.75705 2.5362 -0.54679 0 0 0
79.6 0.7316 3.1135 -0.59064 0 0 0
79.8 1.046 3.8926 -0.97713 0 0 0
80 0.66305 4.4331 -0.82634 0 0 0
80.2 0.70506 4.1799 -0.67937 0 0 0
80.4 0.48083 2.9925 -0.39675 0 0 0
80.6 0.25792 1.8894 -0.17683 0 0 0
80.8 0.017856 1.3687 -0.029688 0 0 0
81 0.45766 0.70708 0.027433 0 0 0
81.2 0.27456 -0.8048 0.38508 0 0 0
81.4 -0.004093 -1.8097 0.61359 0 0 0
81.6 -0.38717 -2.4456 0.78939 0 0 0
81.8 -0.18708 -1.7949 0.6364 0 0 0
82 0.019517 -1.1288 0.45364 0 0 0
82.2 0.11783 -0.15666 0.22631 0 0 0
82.4 0.030912 0.80575 0.067614 0 0 0
82.6 0.23086 2.0496 -0.20928 0 0 0
82.8 1.1961 3.0461 -0.58612 0 0 0
83 1.0259 3.5196 -0.71847 0 0 0
83.2 0.96939 4.1548 -0.85352 0 0 0
83.4 1.4036 5.3708 -1.1195 0 0 0
83.6 1.3469 5.6136 -1.1618 0 0 0
83.8 1.3758 5.2727 -1.0798 0 0 0
84 0.93959 4.3116 -0.79417 0 0 0
84.2 0.51306 3.4461 -0.63212 0 0 0
84.4 0.39959 2.5575 -0.41523 0 0 0
84.6 0.28633 1.6273 -0.1576 0 0 0
84.8 0.20258 0.57162 0.12732 0 0 0
85 0.32626 -0.56381 0.40827 0 0 0
85.2 -0.23024 -1.6718 0.68418 0 0 0
85.4 0.014373 -1.6085 0.66438 0 0 0
85.6 -0.12488 -1.0683 0.48647 0 0 0
85.8 -0.45942 -0.89137 0.34476 0 0 0
86 -0.35199 0.56473 -0.068812 0 0 0
86.2 -0.39686 1.3059 -0.33933 0 0 0
86.4 0.16659 2.3856 -0.46806 0 0 0
86.6 0.26018 3.1527 -0.67433 0 0 0
86.8 0.66217 4.0887 -0.83289 0 0 0
87 0.94673 4.8533 -0.97575 0 0 0
87.2 0.86007 5.2163 -1.1251 0 0 0
87.4 0.90208 5.2153 -1.1118 0 0 0
87.6 0.85358 4.5904 -0.95326 0 0 0
87.8 0.54395 3.68 -0.7852 0 0 0
88 0.26899 2.4263 -0.51203 0 0 0
88.2 0.10801 1.2375 -0.1803 0 0 0
88.4 0.04141 0.24975 0.14177 0 0 0
88.6 -0.057076 -1.1794 0.55641 0 0 0
88.8 -0.22605 -3.0279 1.1297 0 0 0
89 -0.52895 -3.5467 1.1398 0 0 0
89.2 -0.60517 -2.2906 0.6429 0 0 0
89.4 -0.75965 -1.1684 0.10614 0 0 0
89.6 -0.54689 -0.083362 -0.14136 0 0 0
89.8 -0.37896 0.75684 -0.31812 0 0 0
90 -0.19459 1.6775 -0.52193 0 0 0
90.2 0.2478 2.8447 -0.66299 0 0 0
90.4 0.64376 3.9305 -0.80656 0 0 0
90.6 0.70659 4.3396 -0.92782 0 0 0
90.8 0.76993 4.692 -1.0252 0 0 0
91 1.0929 5.512 -1.1091 0 0 0
91.2 1.105 5.7584 -1.1501 0 0 0
91.4 0.95277 5.3178 -1.1739 0 0 0
91.6 0.56377 4.1616 -1.001 0 0 0
91.8 0.43582 3.0793 -0.72 0 0 0
92 0.43826 2.0506 -0.22848 0 0 0
92.2 0.41515 1.0326 0.066032 0 0 0
92.4 0.081448 -0.33708 0.40486 0 0 0
92.6 0.099441 -1.6149 0.94399 0 0 0
92.8 -0.32837 -3.1807 1.1438 0 0 0
93 -0.73724 -3.8043 1.0141 0 0 0
93.2 -0.67171 -2.3539 0.47634 0 0 0
93.4 -0.36107 -0.67328 0.064968 0 0 0
93.6 -0.13883 0.84836 -0.37955 0 0 0
93.8 -0.1516 1.7471 -0.7234 0 0 0
94 0.11232 2.577 -0.8049 0 0 0
94.2 0.52807 3.8801 -0.93788 0 0 0
94.4 0.96191 4.6083 -0.794 0 0 0
94.6 0.98917 5.3054 -1.0601 0 0 0
94.8 0.90768 5.5119 -1.2513 0 0 0
95 1.0852 5.9899 -1.3217 0 0 0
95.2 1.4346 6.4822 -1.1386 0 0 0
95.4 1.0141 4.3563 -0.60323 0 0 0
95.6 1.153 4.8868 -0.66863 0 0 0
95.8 1.3539 5.2174 -0.62564 0 0 0
96 1.2167 4.8465 -0.60311 0 0 0
96.2 0.89217 3.6281 -0.46931 0 0 0
96.4 0.76743 2.3244 0.031852 0 0 0
96.6 0.60238 1.5801 0.21655 0 0 0
96.8 0.47308 0.4984 0.48716 0 0 0
97 0.078449 -1.3932 0.96 0 0 0
97.2 0.14448 -2.5544 1.644 0 0 0
97.4 0.013641 -1.9599 1.1132 0 0 0
97.6 -0.16605 -1.2841 0.50723 0 0 0
97.8 -0.083004 -0.37439 0.10268 0 0 0
98 0.27995 1.0575 -0.044071 0 0 0
98.2 0.44101 2.0494 -0.33043 0 0 0
98.4 0.58402 2.8946 -0.49227 0 0 0
98.6 0.66006 3.7004 -0.85746 0 0 0
98.8 0.90411 4.5486 -0.88781 0 0 0
99 1.0771 5.2032 -0.77691 0 0 0
99.2 1.2004 5.7994 -1.0242 0 0 0
99.4 1.1349 5.3963 -0.92777 0 0 0
99.6 0.93151 4.6785 -0.78765 0 0 0
99.8 0.82064 3.6043 -0.5124 0 0 0
100 0.67615 2.7081 -0.06861 0 0 0
100.2 0.45529 1.8174 0.022878 0 0 0
100.4 0.16352 0.30835 0.21901 0 0 0
100.6 -0.056096 -1.1956 0.69381 0 0 0
100.8 -0.18086 -2.2178 1.206 0 0 0
101 -0.17882 -1.7938 0.71888 0 0 0
101.2 -0.091313 -0.84296 0.20353 0 0 0
101.4 0.047338 -0.091689 0.043204 0 0 0
101.6 0.23716 0.87876 -0.094128 0 0 0
101.8 0.3261 1.5996 -0.55454 0 0 0
102 0.4164 1.9548 -0.64986 0 0 0
102.2 0.4385 2.4164 -1.0205 0 0 0
102.4 0.64759 3.4667 -0.94325 0 0 0
102.6 0.83055 4.4 -0.97798 0 0 0
102.8 0.97584 5.1215 -1.283 0 0 0
103 0.9694 5.1645 -1.1898 0 0 0
103.2 0.98879 4.8753 -1.0836 0 0 0
103.4 0.7722 3.9236 -0.66873 0 0 0
103.6 0.62789 3.234 -0.10588 0 0 0
103.8 0.49358 2.2908 -0.06399 0 0 0
104 0.22372 0.8006 0.12746 0 0 0
104.2 0.011383 -0.66712 0.31478 0 0 0
104.4 -0.16002 -1.7583 0.55789 0 0 0
104.6 -0.20663 -2.1605 0.45752 0 0 0
104.8 -0.18254 -1.9365 0.40301 0 0 0
105 -0.065493 -1.0591 0.21381 0 0 0
105.2 -0.018572 -0.12676 0.45357 0 0 0
105.4 0.27299 0.8573 -0.084662 0 0 0
105.6 0.3869 1.5557 -0.37936 0 0 0
105.8 0.5754 2.4479 -0.55096 0 0 0
106 0.76304 3.155 -0.76113 0 0 0
106.2 0.79589 3.4842 -0.90439 0 0 0
106.4 0.99038 4.0048 -1.1767 0 0 0
106.6 0.8138 4.5874 -0.77298 0 0 0
106.8 0.50096 4.1953 -0.3681 0 0 0
107 0.59438 3.1892 -0.49813 0 0 0
107.2 0.26867 2.4439 0.056528 0 0 0
107.4 0.15347 1.4446 0.20409 0 0 0
107.6 0.10337 0.17575 0.24149 0 0 0
107.8 -0.15038 -1.2004 0.71781 0 0 0
108 -0.34728 -2.2158 0.97179 0 0 0
108.2 -0.5639 -3.1564 1.1991 0 0 0
108.4 -0.35037 -3.7705 1.1341 0 0 0
108.6 -0.55644 -3.0318 1.1443 0 0 0
108.8 -0.18114 -1.8987 0.67134 0 0 0
109 -0.082634 -1.0219 0.55247 0 0 0
109.2 -0.077616 0.01213 0.40126 0 0 0
109.4 0.13722 0.97061 -0.016407 0 0 0
109.6 0.67197 1.5742 -0.33595 0 0 0
109.8 0.64143 2.3879 -0.49681 0 0 0
110 0.80664 3.0389 -0.63398 0 0 0
110.2 0.97915 3.6662 -0.87239 0 0 0
110.4 0.75991 4.4657 -0.88959 0 0 0
110.6 0.60146 4.2202 -0.64698 0 0 0
110.8 0.63447 3.2605 -0.50202 0 0 0
111 0.37198 2.0797 -0.22523 0 0 0
111.2 0.037187 1.4778 -0.047027 0 0 0
111.4 0.34706 0.78771 0.062903 0 0 0
111.6 0.33837 -0.48641 0.31021 0 0 0
111.8 -0.040735 -1.7611 0.59147 0 0 0
112 -0.31412 -2.366 0.73988 0 0 0
112.2 -0.15351 -1.9135 0.64474 0 0 0
112.4 0.016101 -1.2573 0.50219 0 0 0
112.6 0.10353 -0.36219 0.26616 0 0 0
112.8 0.16073 0.67805 0.084458 0 0 0
113 0.17815 1.7393 -0.16201 0 0 0
113.2 1.0095 2.9723 -0.54774 0 0 0
113.4 1.0819 3.4125 -0.6783 0 0 0
113.6 0.93659 3.9782 -0.81779 0 0 0
113.8 1.4025 5.2488 -1.1017 0 0 0
114 1.2393 5.5012 -1.1317 0 0 0
114.2 1.3714 5.3918 -1.1063 0 0 0
114.4 0.96511 4.5211 -0.84603 0 0 0
114.6 0.60454 3.5529 -0.65038 0 0 0
114.8 0.44004 2.7978 -0.47818 0 0 0
115 0.30475 1.7888 -0.19791 0 0 0
115.2 0.289 0.77322 0.043734 0 0 0
115.4 0.1799 -0.44106 0.38351 0 0 0
115.6 -0.1675 -1.386 0.61014 0 0 0
115.8 0.014577 -1.666 0.69013 0 0 0
116 -0.010827 -1.1353 0.51723 0 0 0
116.2 -0.40561 -0.85738 0.3661 0 0 0
116.4 -0.38723 0.28311 0.007813 0 0 0
116.6 -0.36733 1.0406 -0.23537 0 0 0
116.8 0.10487 2.1715 -0.42292 0 0 0
117 0.20339 2.8918 -0.61265 0 0 0
117.2 0.64361 3.9674 -0.80319 0 0 0
117.4 0.77933 4.8121 -1.0325 0 0 0
117.6 0.93674 5.1412 -1.0805 0 0 0
117.8 0.8968 5.1723 -1.0909 0 0 0
118 0.91252 4.7522 -0.98057 0 0 0
118.2 0.54167 3.9242 -0.87099 0 0 0
118.4 0.35223 2.7089 -0.56718 0 0 0
118.6 0.098797 1.4868 -0.26266 0 0 0
118.8 0.053979 0.42808 0.085109 0 0 0
119 -0.064391 -0.87567 0.45985 0 0 0
119.2 -0.13545 -2.6605 1.047 0 0 0
119.4 -0.45267 -3.5789 1.2056 0 0 0
119.6 -0.59875 -2.5386 0.74747 0 0 0
119.8 -0.74069 -1.4558 0.23226 0 0 0
120 -0.52512 -0.22607 -0.090629 0 0 0
120.2 -0.40529 0.60436 -0.27354 0 0 0
120.4 -0.39821 1.4204 -0.54581 0 0 0
120.6 0.28013 2.6754 -0.5733 0 0 0
120.8 0.55462 3.7225 -0.78669 0 0 0
121 0.70112 4.298 -0.91366 0 0 0
121.2 0.70824 4.5643 -1.0114 0 0 0
121.4 1.0411 5.4335 -1.113 0 0 0
121.6 1.0131 5.6829 -1.1719 0 0 0
121.8 1.0118 5.5638 -1.2244 0 0 0
122 0.683 4.4121 -1.0207 0 0 0
122.2 0.42198 3.217 -0.77754 0 0 0
122.4 0.48339 2.2601 -0.28646 0 0 0
122.6 0.3864 1.4264 -0.12038 0 0 0
122.8 0.023637 -0.067145 0.22844 0 0 0
123 0.070502 -1.3201 0.82419 0 0 0
123.2 -0.15171 -2.8896 1.2048 0 0 0
123.4 -0.69201 -3.8463 1.0652 0 0 0
123.6 -0.73193 -2.7743 0.59817 0 0 0
123.8 -0.35819 -0.89947 0.15304 0 0 0
124 -0.17212 0.62996 -0.29365 0 0 0
124.2 -0.16676 1.6221 -0.69991 0 0 0
124.4 0.063717 2.44 -0.81109 0 0 0
124.6 0.45528 3.5924 -0.89342 0 0 0
124.8 0.89297 4.4067 -0.7626 0 0 0
125 1.0645 5.2588 -0.96893 0 0 0
125.2 1.0523 5.4708 -1.0995 0 0 0
125.4 1.0192 5.9085 -1.388 0 0 0
125.6 1.2962 6.3431 -1.2398 0 0 0
125.8 1.0272 4.2566 -0.54994 0 0 0
126 1.0342 4.6607 -0.70475 0 0 0
126.2 1.3488 5.2837 -0.63981 0 0 0
126.4 1.2762 4.9155 -0.56543 0 0 0
126.6 0.93555 3.8667 -0.53021 0 0 0
126.8 0.80494 2.5051 -0.003953 0 0 0
127 0.58739 1.8828 0.019516 0 0 0
127.2 0.46494 0.69915 0.39042 0 0 0
127.4 0.17477 -1.0941 0.95841 0 0 0
127.6 0.15977 -2.3904 1.6117 0 0 0
127.8 0.020213 -2.1767 1.2546 0 0 0
128 -0.16699 -1.4348 0.5912 0 0 0
128.2 -0.10319 -0.54355 0.1871 0 0 0
128.4 0.23981 0.85656 -0.058208 0 0 0
128.6 0.47245 1.8216 -0.1005 0 0 0
128.8 0.57813 2.7383 -0.40872 0 0 0
129 0.65319 3.5608 -0.75645 0 0 0
129.2 0.8039 4.3465 -1.0087 0 0 0
129.4 1.0938 5.1365 -0.76345 0 0 0
129.6 1.1642 5.8018 -1.0629 0 0 0
129.8 1.1477 5.511 -0.97279 0 0 0
130 0.9924 4.8442 -0.77531 0 0 0
130.2 0.80756 3.7423 -0.63894 0 0 0
130.4 0.67304 3.0342 -0.31515 0 0 0
130.6 0.46948 2.0919 -0.13297 0 0 0
130.8 0.22943 0.64441 0.14521 0 0 0
131 -0.005138 -0.86432 0.57327 0 0 0
131.2 -0.17532 -2.1731 1.1784 0 0 0
131.4 -0.20612 -2.0872 0.89181 0 0 0
131.6 -0.099515 -1.045 0.39609 0 0 0
131.8 0.028303 -0.19616 0.026966 0 0 0
132 0.20442 0.71407 -0.11094 0 0 0
132.2 0.31686 1.489 -0.47381 0 0 0
132.4 0.41932 1.8769 -0.50098 0 0 0
132.6 0.42399 2.3138 -0.96821 0 0 0
132.8 0.57218 3.0859 -0.98255 0 0 0
133 0.80167 4.2585 -0.88269 0 0 0
133.2 0.96739 5.0318 -1.2257 0 0 0
133.4 0.96771 5.13 -1.1758 0 0 0
133.6 1.0088 4.9811 -1.1329 0 0 0
133.8 0.81617 4.1023 -0.77519 0 0 0
134 0.64399 3.4811 -0.21951 0 0 0
134.2 0.51283 2.4897 -0.077305 0 0 0
134.4 0.26088 1.0999 0.17757 0 0 0
134.6 0.038668 -0.40495 0.20194 0 0 0
134.8 -0.11919 -1.5736 0.56208 0 0 0
135 0.30832 1.1529 -0.023321 0 0 0
135.2 0.45149 2.1478 -0.36715 0 0 0
135.4 0.59381 2.9641 -0.51448 0 0 0
135.6 0.66196 3.7509 -0.90903 0 0 0
135.8 0.95798 4.6497 -0.81722 0 0 0
136 1.0719 5.2486 -0.79228 0 0 0
136.2 1.2073 5.7854 -1.0122 0 0 0
136.4 1.1333 5.3218 -0.87758 0 0 0
136.6 0.91307 4.5615 -0.75916 0 0 0
136.8 0.83473 3.5528 -0.42855 0 0 0
137 0.68133 2.5374 0.067158 0 0 0
137.2 0.44203 1.6801 0.077458 0 0 0
137.4 0.13966 0.15512 0.26279 0 0 0
137.6 -0.077079 -1.3786 0.79244 0 0 0
137.8 -0.17858 -2.219 1.2241 0 0 0
138 -0.16108 -1.6237 0.63114 0 0 0
138.2 -0.085372 -0.74308 0.11596 0 0 0
138.4 0.061676 -0.01464 0.031521 0 0 0
138.6 0.24833 0.95274 -0.11209 0 0 0
138.8 0.32218 1.6203 -0.5627 0 0 0
139 0.40279 1.9889 -0.7644 0 0 0
139.2 0.4455 2.4677 -1.0501 0 0 0
139.4 0.6804 3.633 -0.9209 0 0 0
139.6 0.8489 4.478 -1.0072 0 0 0
139.8 0.9714 5.1229 -1.2538 0 0 0
140 0.96598 5.1819 -1.1814 0 0 0
140.2 0.97414 4.8224 -1.0549 0 0 0
140.4 0.75074 3.8408 -0.6149 0 0 0
140.6 0.6152 3.1225 -0.069254 0 0 0
140.8 0.46564 2.1574 -0.008545 0 0 0
141 0.20122 0.64194 0.12893 0 0 0
141.2 0.002539 -0.79271 0.39291 0 0 0
141.4 -0.18037 -1.8489 0.55525 0 0 0
141.6 -0.19672 -2.148 0.39454 0 0 0
141.8 -0.16716 -1.868 0.34169 0 0 0
142 -0.055146 -0.93124 0.2625 0 0 0
142.2 0.003307 -0.038931 0.45729 0 0 0
142.4 0.32859 0.99935 -0.20059 0 0 0
142.6 0.40326 1.7282 -0.38777 0 0 0
142.8 0.59602 2.5253 -0.57494 0 0 0
143 0.78266 3.2014 -0.81012 0 0 0
143.2 0.79169 3.5516 -0.89186 0 0 0
143.4 0.99089 4.0586 -1.171 0 0 0
143.6 0.80405 4.6231 -0.74797 0 0 0
143.8 0.48604 4.2092 -0.38728 0 0 0
144 0.56335 3.0728 -0.48208 0 0 0
144.2 0.2844 2.3431 0.046871 0 0 0
144.4 0.15262 1.351 0.19618 0 0 0
144.6 0.082759 -0.009491 0.29342 0 0 0
144.8 -0.1492 -1.3309 0.69985 0 0 0
145 -0.37068 -2.3158 1.0182 0 0 0
145.2 -0.54905 -3.2016 1.1781 0 0 0
145.4 -0.34625 -3.7585 1.1168 0 0 0
145.6 -0.54501 -2.885 1.1101 0 0 0
145.8 -0.17181 -1.7889 0.66817 0 0 0
146 -0.054092 -0.96782 0.55747 0 0 0
146.2 -0.11323 0.08235 0.40821 0 0 0
146.4 0.20307 1.0431 -0.077081 0 0 0
146.6 0.59786 1.6664 -0.33 0 0 0
146.8 0.69998 2.4621 -0.5217 0 0 0
147 0.75817 3.0762 -0.60759 0 0 0
147.2 1.0204 3.7792 -0.93643 0 0 0
147.4 0.70474 4.4621 -0.85755 0 0 0
147.6 0.6482 4.2001 -0.65917 0 0 0
147.8 0.55765 3.1265 -0.44939 0 0 0
148 0.3125 1.9829 -0.20222 0 0 0
148.2 0.023645 1.4551 -0.053795 0 0 0
148.4 0.41038 0.77617 0.033383 0 0 0
148.6 0.30215 -0.64862 0.35073 0 0 0
148.8 -0.024943 -1.7885 0.60296 0 0 0
149 -0.35152 -2.4068 0.7651 0 0 0
149.2 -0.18741 -1.8572 0.64259 0 0 0
149.4 -0.00111 -1.1964 0.47987 0 0 0
149.6 0.097466 -0.25625 0.2472 0 0 0
149.8 0.10325 0.74823 0.07509 0 0 0
150 0.2045 1.8944 -0.18565 0 0 0
150.2 1.1115 3.009 -0.56816 0 0 0
150.4 1.0535 3.4692 -0.70058 0 0 0
150.6 0.94986 4.0631 -0.83447 0 0 0
150.8 1.4204 5.334 -1.1174 0 0 0
151 1.2887 5.5546 -1.1459 0 0 0
151.2 1.3736 5.3322 -1.0931 0 0 0
151.4 0.95181 4.4184 -0.81941 0 0 0
151.6 0.53854 3.4957 -0.63989 0 0 0
151.8 0.41304 2.6771 -0.44599 0 0 0
152 0.29448 1.708 -0.17692 0 0 0
152.2 0.24579 0.67242 0.085528 0 0 0
152.4 0.26245 -0.5024 0.39573 0 0 0
152.6 -0.21536 -1.5587 0.65365 0 0 0
152.8 0.020961 -1.6406 0.67839 0 0 0
153 -0.051878 -1.0918 0.50074 0 0 0
153.2 -0.43129 -0.87065 0.35504 0 0 0
153.4 -0.36961 0.42392 -0.030499 0 0 0
153.6 -0.39616 1.18 -0.29542 0 0 0
153.8 0.13777 2.2954 -0.44964 0 0 0
154 0.21947 3.0088 -0.64311 0 0 0
154.2 0.65878 4.0281 -0.81634 0 0 0
154.4 0.86291 4.8329 -1.0042 0 0 0
154.6 0.89637 5.1819 -1.1046 0 0 0
154.8 0.90135 5.2109 -1.1074 0 0 0
155 0.89761 4.6782 -0.96589 0 0 0
155.2 0.54074 3.8157 -0.83611 0 0 0
155.4 0.31078 2.5708 -0.54122 0 0 0
155.6 0.1034 1.3622 -0.22148 0 0 0
155.8 0.048015 0.34511 0.11149 0 0 0
156 -0.073867 -1.0241 0.50001 0 0 0
156.2 -0.19098 -2.851 1.0883 0 0 0
156.4 -0.49008 -3.5658 1.1767 0 0 0
156.6 -0.60179 -2.4135 0.69513 0 0 0
156.8 -0.75185 -1.3121 0.16812 0 0 0
157 -0.54005 -0.16482 -0.11464 0 0 0
157.2 -0.38539 0.66666 -0.28548 0 0 0
157.4 -0.32132 1.5283 -0.53768 0 0 0
157.6 0.26686 2.762 -0.61533 0 0 0
157.8 0.59919 3.8265 -0.79663 0 0 0
158 0.7062 4.3188 -0.91972 0 0 0
158.2 0.74093 4.6143 -1.014 0 0 0
158.4 1.0732 5.4798 -1.1104 0 0 0
158.6 1.0435 5.7172 -1.1665 0 0 0
158.8 0.98157 5.4435 -1.201 0 0 0
159 0.6231 4.287 -1.0111 0 0 0
159.2 0.42962 3.1542 -0.75276 0 0 0
159.4 0.47444 2.1553 -0.24431 0 0 0
159.6 0.41101 1.2676 -0.040725 0 0 0
159.8 0.037906 -0.19086 0.29854 0 0 0
160 0.084972 -1.4675 0.88409 0 0 0
160.2 -0.24251 -3.0366 1.1724 0 0 0
160.4 -0.7122 -3.8391 1.0494 0 0 0
160.6 -0.69848 -2.571 0.54566 0 0 0
160.8 -0.347 -0.77938 0.11784 0 0 0
161 -0.15384 0.7441 -0.33641 0 0 0
161.2 -0.15918 1.6846 -0.71165 0 0 0
161.4 0.085414 2.5031 -0.80643 0 0 0
161.6 0.49672 3.7466 -0.91392 0 0 0
161.8 0.93793 4.4869 -0.75431 0 0 0
162 1.035 5.2848 -1.006 0 0 0
162.2 0.97997 5.4913 -1.1754 0 0 0
162.4 1.0545 5.9503 -1.3519 0 0 0
162.6 1.3736 6.423 -1.1893 0 0 0
162.8 1.0309 4.3065 -0.56327 0 0 0
163 1.091 4.7692 -0.68757 0 0 0
163.2 1.3514 5.2505 -0.63272 0 0 0
163.4 1.2492 4.8987 -0.58744 0 0 0
163.6 0.91484 3.7558 -0.50287 0 0 0
163.8 0.79213 2.4034 0.029344 0 0 0
164 0.59108 1.7477 0.1037 0 0 0
164.2 0.46901 0.59877 0.43879 0 0 0
164.4 0.12209 -1.2446 0.95162 0 0 0
164.6 0.15795 -2.4862 1.6396 0 0 0
164.8 0.019917 -2.0599 1.1854 0 0 0
165 -0.1739 -1.365 0.54563 0 0 0
165.2 -0.093375 -0.45799 0.14493 0 0 0
165.4 0.25988 0.95705 -0.05114 0 0 0
165.6 0.44989 1.9395 -0.23589 0 0 0
165.8 0.57879 2.8193 -0.45702 0 0 0
166 0.65729 3.639 -0.8065 0 0 0
166.2 0.85025 4.4476 -0.95839 0 0 0
166.4 1.0854 5.1698 -0.77018 0 0 0
166.6 1.1835 5.802 -1.0428 0 0 0
166.8 1.1397 5.4594 -0.95951 0 0 0
167 0.95795 4.7727 -0.79303 0 0 0
167.2 0.80924 3.662 -0.58895 0 0 0
167.4 0.67098 2.8788 -0.20438 0 0 0
167.6 0.46238 1.9546 -0.055047 0 0 0
167.8 0.19433 0.4729 0.1805 0 0 0
168 -0.032116 -1.0242 0.62076 0 0 0
168.2 -0.18014 -2.204 1.1905 0 0 0
168.4 -0.19656 -1.9639 0.80663 0 0 0
168.6 -0.095376 -0.94471 0.30112 0 0 0
168.8 0.037472 -0.14572 0.036517 0 0 0
169 0.2225 0.79917 -0.093853 0 0 0
169.2 0.32433 1.5558 -0.52491 0 0 0
169.4 0.42487 1.9187 -0.5523 0 0 0
169.6 0.4315 2.3651 -0.99087 0 0 0
169.8 0.60989 3.2763 -0.9629 0 0 0
170 0.8153 4.3277 -0.93415 0 0 0
170.2 0.9745 5.0912 -1.2736 0 0 0
170.4 0.97016 5.1472 -1.1886 0 0 0
170.6 1.0034 4.9282 -1.1123 0 0 0
170.8 0.79408 4.0119 -0.72232 0 0 0
171 0.63608 3.3572 -0.16207 0 0 0
171.2 0.50884 2.4007 -0.085671 0 0 0
171.4 0.24361 0.95326 0.14367 0 0 0
171.6 0.022524 -0.5389 0.24704 0 0 0
171.8 -0.13968 -1.6677 0.56052 0 0 0
172 -0.21952 -2.1768 0.5501 0 0 0
172.2 -0.18903 -1.993 0.45057 0 0 0
172.4 -0.068902 -1.1691 0.16799 0 0 0
172.6 -0.031177 -0.20372 0.44981 0 0 0
172.8 0.21836 0.71689 0.029922 0 0 0
173 0.37007 1.377 -0.36998 0 0 0
173.2 0.54039 2.3587 -0.49407 0 0 0
173.4 0.72809 3.0849 -0.69216 0 0 0
173.6 0.79768 3.4291 -0.91159 0 0 0
173.8 0.98143 3.9544 -1.1679 0 0 0
174 0.82356 4.5517 -0.798 0 0 0
174.2 0.52812 4.1596 -0.34356 0 0 0
174.4 0.61475 3.3423 -0.47608 0 0 0
174.6 0.27186 2.5325 0.035733 0 0 0
174.8 0.1714 1.5379 0.18854 0 0 0
175 0.12286 0.3576 0.19311 0 0 0
175.2 -0.1522 -1.0692 0.73661 0 0 0
175.4 -0.33398 -2.1211 0.92445 0 0 0
175.6 -0.57171 -3.0928 1.2108 0 0 0
175.8 -0.36245 -3.7327 1.1358 0 0 0
176 -0.55483 -3.1668 1.1642 0 0 0
176.2 -0.19047 -2.0086 0.6745 0 0 0
176.4 -0.10661 -1.0575 0.53348 0 0 0
176.6 -0.007794 -0.045423 0.35876 0 0 0
176.8 0.087374 0.87945 0.03585 0 0 0
177 0.70092 1.4949 -0.33802 0 0 0
177.2 0.58517 2.3138 -0.47137 0 0 0
177.4 0.8551 3.0015 -0.66038 0 0 0
177.6 0.9256 3.5534 -0.78995 0 0 0
177.8 0.82855 4.4439 -0.92246 0 0 0
178 0.57283 4.2399 -0.64912 0 0 0
178.2 0.69759 3.3994 -0.55 0 0 0
178.4 0.43146 2.1765 -0.24824 0 0 0
178.6 0.053291 1.4794 -0.030061 0 0 0
178.8 0.2677 0.7417 0.11599 0 0 0
179 0.38321 -0.31817 0.26352 0 0 0
179.2 -0.030269 -1.7016 0.57558 0 0 0
179.4 -0.27366 -2.3181 0.71597 0 0 0
179.6 -0.11961 -1.9698 0.6469 0 0 0
179.8 0.059693 -1.3135 0.52178 0 0 0
180 0.13602 -0.47447 0.28319 0 0 0
180.2 0.19542 0.58842 0.096731 0 0 0
180.4 0.14235 1.5895 -0.13378 0 0 0
180.6 0.9075 2.9357 -0.52732 0 0 0
180.8 1.1106 3.3542 -0.65497 0 0 0
181 0.92958 3.9001 -0.80348 0 0 0
181.2 1.3497 5.1151 -1.0724 0 0 0
181.4 1.2209 5.4677 -1.1228 0 0 0
181.6 1.3725 5.4503 -1.1197 0 0 0
181.8 0.97841 4.6238 -0.87265 0 0 0
182 0.69507 3.6148 -0.66252 0 0 0
182.2 0.48058 2.9195 -0.51182 0 0 0
182.4 0.31789 1.8698 -0.22114 0 0 0
182.6 0.31444 0.88033 0.007316 0 0 0
182.8 0.10064 -0.37663 0.37053 0 0 0
183 -0.1148 -1.2044 0.56473 0 0 0
183.2 -0.004422 -1.6849 0.69967 0 0 0
183.4 -0.001728 -1.1988 0.53596 0 0 0
183.6 -0.38647 -0.86388 0.37928 0 0 0
183.8 -0.40569 0.12769 0.049546 0 0 0
184 -0.3385 0.90122 -0.17531 0 0 0
184.2 0.069896 2.0301 -0.39194 0 0 0
184.4 0.21194 2.8016 -0.58298 0 0 0
184.6 0.61434 3.9065 -0.79414 0 0 0
184.8 0.72182 4.7577 -1.0376 0 0 0
185 0.97559 5.1005 -1.0565 0 0 0
185.2 0.89204 5.1319 -1.0738 0 0 0
185.4 0.90178 4.8141 -0.99705 0 0 0
185.6 0.54674 4.0055 -0.88985 0 0 0
185.8 0.39298 2.8332 -0.58625 0 0 0
186 0.099403 1.6068 -0.30125 0 0 0
186.2 0.059942 0.51105 0.05873 0 0 0
186.4 -0.04383 -0.73018 0.42654 0 0 0
186.6 -0.059467 -2.4563 1.0057 0 0 0
186.8 -0.41684 -3.5855 1.2261 0 0 0
187 -0.59911 -2.6846 0.80076 0 0 0
187.2 -0.72834 -1.5939 0.29476 0 0 0
187.4 -0.51019 -0.28732 -0.066623 0 0 0
187.6 -0.43583 0.56406 -0.27795 0 0 0
187.8 -0.42524 1.3538 -0.54633 0 0 0
188 0.28304 2.582 -0.54132 0 0 0
188.2 0.50542 3.6136 -0.77872 0 0 0
188.4 0.69605 4.2772 -0.90759 0 0 0
188.6 0.67433 4.5236 -1.0116 0 0 0
188.8 0.99665 5.3734 -1.1168 0 0 0
189 1.0138 5.6556 -1.1664 0 0 0
189.2 1.0493 5.6564 -1.2283 0 0 0
189.4 0.73879 4.5346 -1.0316 0 0 0
189.6 0.41434 3.2797 -0.80232 0 0 0
189.8 0.47335 2.3649 -0.34697 0 0 0
190 0.34131 1.5093 -0.17295 0 0 0
190.2 0.054306 0.022024 0.21396 0 0 0
190.4 0.06754 -1.1843 0.77411 0 0 0
190.6 -0.060904 -2.7427 1.2371 0 0 0
190.8 -0.67299 -3.8469 1.0762 0 0 0
191 -0.77209 -2.9636 0.63386 0 0 0
191.2 -0.39464 -1.0335 0.17054 0 0 0
191.4 -0.20188 0.48106 -0.25223 0 0 0
191.6 -0.17093 1.5531 -0.68257 0 0 0
191.8 0.04202 2.3769 -0.81576 0 0 0
192 0.40771 3.4255 -0.87501 0 0 0
192.2 0.82704 4.3678 -0.81888 0 0 0
192.4 1.0719 5.2257 -0.95481 0 0 0
192.6 1.0859 5.4502 -1.058 0 0 0
192.8 0.9839 5.866 -1.4224 0 0 0
193 1.2163 6.2602 -1.2903 0 0 0
193.2 1.003 4.2066 -0.56324 0 0 0
193.4 0.99657 4.5858 -0.71536 0 0 0
193.6 1.3442 5.3046 -0.6453 0 0 0
193.8 1.3031 4.9322 -0.54342 0 0 0
194 0.95505 3.9673 -0.55366 0 0 0
194.2 0.80585 2.6293 -0.068038 0 0 0
194.4 0.59421 1.9734 -0.025101 0 0 0
194.6 0.47307 0.79447 0.36571 0 0 0
194.8 0.22724 -0.94124 0.96283 0 0 0
195 0.15967 -2.2899 1.5799 0 0 0
195.2 0.014583 -2.3103 1.3211 0 0 0
195.4 -0.14533 -1.4934 0.64396 0 0 0
195.6 -0.11147 -0.6346 0.22899 0 0 0
195.8 0.21274 0.73828 -0.060579 0 0 0
196 0.49501 1.7036 0.034893 0 0 0
196.2 0.57991 2.6541 -0.35347 0 0 0
196.4 0.64773 3.4658 -0.70734 0 0 0
196.6 0.76677 4.2453 -1.0342 0 0 0
196.8 1.0944 5.0917 -0.75616 0 0 0
197 1.1452 5.795 -1.0783 0 0 0
197.2 1.1558 5.5618 -0.98472 0 0 0
197.4 1.034 4.8953 -0.73683 0 0 0
197.6 0.81562 3.8454 -0.66239 0 0 0
197.8 0.69122 3.1554 -0.37031 0 0 0
198 0.4845 2.2043 -0.17438 0 0 0
198.2 0.26452 0.81593 0.10992 0 0 0
198.4 0.023159 -0.70949 0.53705 0 0 0
198.6 -0.1664 -2.1249 1.1698 0 0 0
198.8 -0.20666 -2.1591 0.97418 0 0 0
199 -0.10458 -1.1281 0.45938 0 0 0
199.2 0.018112 -0.24954 0.018797 0 0 0
199.4 0.18634 0.62896 -0.12803 0 0 0
199.6 0.30479 1.4035 -0.40536 0 0 0
199.8 0.39977 1.8295 -0.49591 0 0 0
200 0.41553 2.2626 -0.95836 0 0 0
200.2 0.53981 2.9244 -1.0015 0 0 0
200.4 0.78804 4.1893 -0.83123 0 0 0
200.6 0.95827 4.9623 -1.1643 0 0 0
200.8 0.96204 5.113 -1.1512 0 0 0
201 1.0049 5.034 -1.1454 0 0 0
201.2 0.83946 4.2043 -0.82394 0 0 0
201.4 0.65292 3.5928 -0.27687 0 0 0
201.6 0.51681 2.5786 -0.068939 0 0 0
201.8 0.27627 1.2422 0.22412 0 0 0
202 0.059817 -0.26527 0.17949 0 0 0
202.2 -0.098494 -1.4736 0.56194 0 0 0
