0 0.074809 0.076411 0.034155 0 0 0
0.2 -0.91465 -2.2227 0.94301 0 0 0
0.4 -1.9575 -4.1066 1.4014 0 0 0
0.6 -2.125 -5.2624 2.4695 0 0 0
0.8 -1.7548 -5.4786 2.7231 0 0 0
1 -0.99198 -3.7966 2.3465 0 0 0
1.2 -0.12185 -1.6273 1.4127 0 0 0
1.4 0.87577 0.036006 0.90764 0 0 0
1.6 1.0667 0.91611 0.3944 0 0 0
1.8 1.0873 1.5284 -0.089761 0 0 0
2 1.6375 2.4058 -0.32297 0 0 0
2.2 1.7553 2.8683 -0.57983 0 0 0
2.4 1.7113 3.2572 -0.74688 0 0 0
2.6 1.8375 3.5139 -1.022 0 0 0
2.8 2.0261 4.0637 -1.27 0 0 0
3 2.1736 4.2503 -1.1045 0 0 0
3.2 1.7678 3.9197 -1.4963 0 0 0
3.4 1.0713 2.512 -0.88312 0 0 0
3.6 1.1356 2.3983 -0.88092 0 0 0
3.8 1.0213 2.457 -0.834 0 0 0
4 1.0923 2.4413 -0.99637 0 0 0
4.2 1.1241 2.5321 -0.89903 0 0 0
4.4 1.021 2.3973 -0.92243 0 0 0
4.6 1.003 2.5353 -0.91447 0 0 0
4.8 1.0579 2.432 -0.97603 0 0 0
5 1.0796 2.43 -0.87077 0 0 0
5.2 1.142 2.3863 -0.96878 0 0 0
5.4 1.0166 2.4103 -0.98059 0 0 0
5.6 1.1708 2.4257 -0.8461 0 0 0
5.8 1.0345 2.4267 -1.015 0 0 0
6 1.0662 2.565 -1.0131 0 0 0
6.2 1.075 2.4394 -0.93281 0 0 0
6.4 1.185 2.4033 -1.0073 0 0 0
6.6 1.0259 2.5404 -0.82453 0 0 0
6.8 1.1669 2.5174 -0.89463 0 0 0
7 1.1007 2.5064 -0.88914 0 0 0 
7.2 1.0548 2.4526 -0.95483 0 0 0
7.4 1.1704 2.5219 -0.92531 0 0 0
7.6 1.0989 2.4306 -1.0172 0 0 0
7.8 1.083 2.4455 -0.9804 0 0 0
8 1.1521 2.4553 -0.84871 0 0 0
8.2 1.0626 2.4272 -1.0069 0 0 0
8.4 1.1847 2.5193 -0.95826 0 0 0
8.6 1.1016 2.5311 -0.85508 0 0 0
8.8 1.1444 2.3859 -0.89803 0 0 0
9 1.1265 2.455 -0.83749 0 0 0
9.2 1.0315 2.4318 -0.84359 0 0 0
9.4 1.1574 2.5694 -0.97135 0 0 0
9.6 1.1636 2.5365 -0.82877 0 0 0
9.8 0.99877 2.4597 -0.92995 0 0 0
10 1.1133 2.521 -0.8427 0 0 0
10.2 1.0451 2.5236 -0.92744 0 0 0
10.4 1.1398 2.5019 -0.90336 0 0 0
10.6 1.088 2.5763 -1.0181 0 0 0
10.8 1.1489 2.5401 -0.87472 0 0 0
11 1.0954 2.4915 -0.93735 0 0 0
11.2 1.11 2.4027 -0.99668 0 0 0
11.4 1.0345 2.5611 -0.90116 0 0 0
11.6 1.0633 2.4354 -1.0195 0 0 0
11.8 1.0499 2.4766 -0.83252 0 0 0
12 1.1608 2.45 -0.88213 0 0 0
12.2 1.1852 2.5352 -0.96605 0 0 0
12.4 1.1152 2.5444 -0.86966 0 0 0
12.6 1.1689 2.5445 -0.88874 0 0 0
12.8 1.1866 2.5592 -0.96367 0 0 0
13 1.1199 2.4013 -0.91329 0 0 0
13.2 1.1502 2.5174 -1.0084 0 0 0
13.4 1.0714 2.4843 -0.88492 0 0 0
13.6 1.0869 2.451 -0.83583 0 0 0
13.8 1.0032 2.5016 -0.92708 0 0 0
14 1.151 2.4542 -0.94665 0 0 0
14.2 1.0607 2.4252 -0.83693 0 0 0
14.4 1.1603 2.4363 -1.0181 0 0 0
14.6 1.1888 2.4036 -0.83456 0 0 0
14.8 1.0873 2.4139 -0.88172 0 0 0
15 1.0617 2.4481 -0.85616 0 0 0
15.2 1.0013 2.5027 -0.84886 0 0 0
15.4 1.1733 2.4146 -0.99829 0 0 0
15.6 1.1315 2.3964 -0.87941 0 0 0
15.8 1.0781 2.3854 -0.91007 0 0 0
16 1.1841 2.5387 -0.91628 0 0 0
16.2 1.1352 2.5203 -0.95766 0 0 0
16.4 1.1218 2.408 -0.98813 0 0 0
16.6 1.0934 2.5277 -0.95646 0 0 0
16.8 1.1659 2.4162 -0.88619 0 0 0
17 1.0025 2.4079 -0.91562 0 0 0
17.2 1.0848 2.5201 -0.89885 0 0 0
17.4 1.0527 2.4128 -0.86835 0 0 0
17.6 1.0294 2.3954 -0.98764 0 0 0
17.8 1.0207 2.4108 -0.92154 0 0 0
18 1.1707 2.3868 -0.86747 0 0 0
18.2 1.0046 2.4217 -0.96025 0 0 0
18.4 1.1821 2.398 -0.85263 0 0 0
18.6 1.1304 2.3914 -0.88445 0 0 0
18.8 0.99286 2.4454 -0.95472 0 0 0
19 0.99144 2.487 -0.91276 0 0 0
19.2 1.1611 2.4626 -0.85284 0 0 0
19.4 1.0839 2.5829 -0.97181 0 0 0
19.6 1.1578 2.4718 -1.0165 0 0 0
19.8 1.0346 2.4141 -0.89891 0 0 0
20 1.1517 2.5395 -0.91265 0 0 0
20.2 1.0402 2.5321 -0.97514 0 0 0
20.4 1.1901 2.4014 -0.83642 0 0 0
20.6 1.178 2.4779 -0.83321 0 0 0
20.8 1.1013 2.4424 -0.92268 0 0 0
21 1.173 2.4652 -0.88088 0 0 0
21.2 1.1176 2.4699 -0.91709 0 0 0
21.4 1.1465 2.5581 -0.96336 0 0 0
21.6 1.1039 2.5253 -1.0185 0 0 0
21.8 1.0288 2.3867 -0.96182 0 0 0
22 1.1717 2.3888 -0.88711 0 0 0
22.2 1.0934 2.4313 -0.98939 0 0 0
22.4 1.1903 2.5035 -0.97529 0 0 0
22.6 1.0659 2.5691 -0.84488 0 0 0
22.8 1.0317 2.4507 -0.89926 0 0 0
23 1.1365 2.4725 -0.89105 0 0 0
23.2 1.0531 2.4037 -1.0066 0 0 0
23.4 0.91576 2.3135 -0.90421 0 0 0
23.6 0.21952 -0.092069 0.34086 0 0 0
23.8 -0.39367 -2.0494 1.3903 0 0 0
24 -1.3337 -3.8246 1.682 0 0 0
24.2 -1.6956 -5.0121 2.3788 0 0 0
24.4 -1.3897 -5.0112 2.792 0 0 0
24.6 -0.44142 -3.4446 2.6171 0 0 0
24.8 0.27565 -1.7105 1.8182 0 0 0
25 1.5201 0.1873 1.7103 0 0 0
25.2 1.8078 1.4708 1.1477 0 0 0
25.4 2.0292 2.5122 0.6241 0 0 0
25.6 2.216 3.2597 -0.062667 0 0 0
25.8 2.1298 3.8253 -0.50635 0 0 0
26 2.1225 4.1871 -1.0137 0 0 0
26.2 1.9281 3.7315 -1.0074 0 0 0
26.4 1.9104 3.8901 -1.1946 0 0 0
26.6 2.0287 4.0162 -1.0876 0 0 0
26.8 2.1241 4.151 -1.042 0 0 0
27 2.0579 4.3027 -1.4469 0 0 0
27.2 1.9441 4.6444 -1.7482 0 0 0
27.4 1.9243 4.7334 -2.0719 0 0 0
27.6 1.8539 4.8525 -2.4248 0 0 0
27.8 1.9008 5.0236 -2.8778 0 0 0
28 2.0557 4.9329 -2.7946 0 0 0
28.2 1.5678 3.4539 -1.6707 0 0 0
28.4 0.9021 1.2871 -0.33531 0 0 0
28.6 0.34438 -0.55736 0.8544 0 0 0
28.8 -0.16116 -2.0553 1.8307 0 0 0
29 -0.23162 -2.9794 2.0793 0 0 0
29.2 0.10303 -2.114 1.7043 0 0 0
29.4 0.17586 -0.40039 0.87616 0 0 0
29.6 0.19509 -0.4301 0.83608 0 0 0
29.8 0.27896 -0.51628 0.98109 0 0 0
30 0.30551 -0.43925 0.98422 0 0 0
30.2 0.28329 -0.5764 0.95553 0 0 0
30.4 0.25749 -0.46 0.87618 0 0 0
30.6 0.34099 -0.56068 0.90306 0 0 0
30.8 0.23442 -0.573 0.93555 0 0 0
31 0.24085 -0.57208 0.86161 0 0 0
31.2 0.19697 -0.57788 0.83243 0 0 0
31.4 0.2732 -0.39203 0.86544 0 0 0
31.6 0.22359 -0.47808 0.87331 0 0 0
31.8 0.20217 -0.43187 0.83172 0 0 0
32 0.26327 -0.46516 0.84706 0 0 0
32.2 0.30042 -0.43534 0.91498 0 0 0
32.4 0.33636 -0.51924 0.81405 0 0 0
32.6 0.29686 -0.4135 0.88729 0 0 0
32.8 0.26218 -0.48439 0.94613 0 0 0
33 0.232 -0.56015 0.97967 0 0 0
33.2 0.17288 -0.42067 0.92411 0 0 0
33.4 0.18443 -0.44976 0.89681 0 0 0
33.6 0.28225 -0.50676 0.9669 0 0 0
33.8 0.33342 -0.43936 0.86824 0 0 0
34 0.26928 -0.4994 0.87909 0 0 0
34.2 0.32044 -0.57193 0.83142 0 0 0
34.4 0.18544 -0.46612 0.93454 0 0 0
34.6 0.27889 -0.52336 0.80892 0 0 0
34.8 0.20519 -0.50121 0.85055 0 0 0
35 0.14726 -0.4659 0.99957 0 0 0
35.2 0.30623 -0.52 0.99242 0 0 0
35.4 0.22872 -0.55365 1 0 0 0
35.6 0.15992 -0.38482 0.81721 0 0 0
35.8 0.3292 -0.56162 0.84287 0 0 0
36 0.22034 -0.51627 0.8885 0 0 0
36.2 0.25977 -0.57553 0.91123 0 0 0
36.4 0.19015 -0.39864 0.89647 0 0 0
36.6 0.2729 -0.50849 0.929 0 0 0
36.8 0.21549 -0.38529 0.90433 0 0 0
37 0.23843 -0.47443 0.96217 0 0 0
37.2 0.22252 -0.47046 0.94589 0 0 0
37.4 0.20894 -0.54554 0.9177 0 0 0
37.6 0.1957 -0.54002 0.83524 0 0 0
37.8 0.29575 -0.48606 0.92894 0 0 0
38 0.19026 -0.53922 0.98898 0 0 0
38.2 0.33444 -0.39575 1.0005 0 0 0
38.4 0.32689 -0.5276 0.94845 0 0 0
38.6 0.19703 -0.3925 0.84133 0 0 0
38.8 0.18684 -0.42013 0.97584 0 0 0
39 0.19261 -0.5132 0.82963 0 0 0
39.2 0.19158 -0.5788 0.95251 0 0 0
39.4 0.1901 -0.51492 0.81339 0 0 0
39.6 0.22783 -0.50624 0.93376 0 0 0
39.8 0.30737 -0.56446 0.81572 0 0 0
40 0.26562 -0.38927 0.98777 0 0 0
40.2 0.18096 -0.54511 0.83816 0 0 0
40.4 0.3038 -0.5502 0.82143 0 0 0
40.6 0.33931 -0.48171 0.86473 0 0 0
40.8 0.1719 -0.48147 0.93814 0 0 0
41 0.31279 -0.57283 0.84471 0 0 0
41.2 0.1899 -0.50972 0.99878 0 0 0
41.4 0.22557 -0.46616 0.81173 0 0 0
41.6 0.20666 -0.38417 0.90218 0 0 0
41.8 0.22899 -0.49609 0.932 0 0 0
42 0.20767 -0.44392 0.88482 0 0 0
42.2 0.16198 -0.57983 0.81523 0 0 0
42.4 0.27642 -0.55261 0.92988 0 0 0
42.6 0.15205 -0.40321 0.84673 0 0 0
42.8 0.18238 -0.57385 0.92976 0 0 0
43 0.24201 -0.57726 0.88273 0 0 0
43.2 0.19727 -0.46823 0.96304 0 0 0
43.4 0.2261 -0.51504 0.97962 0 0 0
43.6 0.26158 -0.53926 0.95983 0 0 0
43.8 0.15201 -0.40232 0.94431 0 0 0
44 0.31952 -0.4465 0.88795 0 0 0
44.2 0.31384 -0.50879 0.93259 0 0 0
44.4 0.15919 -0.5029 0.81948 0 0 0
44.6 0.17767 -0.54213 0.87997 0 0 0
44.8 0.14486 -0.53558 0.89135 0 0 0
45 0.26018 -0.40625 0.88521 0 0 0
45.2 0.28375 -0.39887 0.85857 0 0 0
45.4 0.29397 -0.42679 0.85009 0 0 0
45.6 0.18498 -0.53474 0.9514 0 0 0
45.8 0.33542 -0.4664 0.9797 0 0 0
46 0.23906 -0.54275 0.95831 0 0 0
46.2 0.15468 -0.55771 0.81098 0 0 0
46.4 0.17787 -0.44559 0.91468 0 0 0
46.6 0.20983 -0.40097 0.92145 0 0 0
46.8 0.31828 -0.43293 0.85305 0 0 0
47 0.15073 -0.41854 0.88349 0 0 0
47.2 0.21326 -0.5381 0.96517 0 0 0
47.4 0.27033 -0.50577 0.86418 0 0 0
47.6 0.30776 -0.49938 0.90174 0 0 0
47.8 0.15111 -0.39596 0.96007 0 0 0
48 0.30035 -0.56201 0.89381 0 0 0
48.2 0.15241 -0.47686 0.97047 0 0 0
48.4 0.20147 -0.45888 0.93915 0 0 0
48.6 0.19661 -0.52705 0.82114 0 0 0
48.8 0.32487 -0.54357 0.99996 0 0 0
49 0.26328 -0.50144 0.9171 0 0 0
49.2 0.24263 -0.5106 0.84535 0 0 0
49.4 0.28124 -0.22279 0.65064 0 0 0
49.6 0.36404 1.3984 -0.17881 0 0 0
49.8 0.87731 2.1015 -0.62582 0 0 0
50 1.3511 3.0849 -1.0116 0 0 0
50.2 1.5765 3.4657 -1.193 0 0 0
50.4 2.2572 3.9934 -1.2579 0 0 0
50.6 2.7714 4.0324 -1.1772 0 0 0
50.8 2.4084 3.5378 -0.88292 0 0 0
51 1.1971 1.1239 0.029778 0 0 0
51.2 0.36958 -1.4533 1.4855 0 0 0
51.4 -0.74585 -3.2152 2.2172 0 0 0
51.6 -1.135 -4.6941 2.9246 0 0 0
51.8 -0.99359 -5.3411 3.5198 0 0 0
52 -0.53152 -4.1882 2.8853 0 0 0
52.2 -0.61849 -2.1476 1.506 0 0 0
52.4 -0.20494 -0.4138 0.53039 0 0 0
52.6 0.37312 0.69246 0.038755 0 0 0
52.8 0.86627 1.7274 -0.4811 0 0 0
53 1.1172 2.4675 -0.86012 0 0 0
53.2 1.4644 3.0995 -0.99339 0 0 0
53.4 1.2849 2.9251 -0.86056 0 0 0
53.6 0.77343 1.0726 -0.026044 0 0 0
53.8 -0.76204 -1.2376 0.72583 0 0 0
54 -1.2686 -3.435 1.9243 0 0 0
54.2 -1.5943 -4.8174 2.7567 0 0 0
54.4 -1.8957 -5.2889 2.9236 0 0 0
54.6 -1.7847 -4.5972 2.2752 0 0 0
54.8 -1.107 -2.7103 1.5604 0 0 0
55 -0.24153 -0.6031 0.44587 0 0 0
55.2 -0.12719 0.705 -0.38121 0 0 0
55.4 0.17948 1.5668 -0.7332 0 0 0
55.6 0.096769 1.6084 -0.73928 0 0 0
55.8 0.1077 1.7047 -0.76739 0 0 0
56 0.23556 1.5845 -0.84614 0 0 0
56.2 0.25409 1.5776 -0.76732 0 0 0
56.4 0.27554 1.5935 -0.84202 0 0 0
56.6 0.27592 1.6206 -0.85487 0 0 0
56.8 0.21941 1.6834 -0.78947 0 0 0
57 0.1198 1.5677 -0.88314 0 0 0
57.2 0.10593 1.5252 -0.89577 0 0 0
57.4 0.24901 1.581 -0.88329 0 0 0
57.6 0.24193 1.5803 -0.8742 0 0 0
57.8 0.21868 1.6859 -0.92279 0 0 0
58 0.23932 1.548 -0.82064 0 0 0
58.2 0.1341 1.6836 -0.74242 0 0 0
58.4 0.2525 1.6929 -0.77335 0 0 0
58.6 0.28841 1.6313 -0.88263 0 0 0
58.8 0.17753 1.5244 -0.79172 0 0 0
59 0.14264 1.6223 -0.92787 0 0 0
59.2 0.18952 1.6635 -0.77721 0 0 0
59.4 0.22729 1.6603 -0.86454 0 0 0
59.6 0.26397 1.6994 -0.86645 0 0 0
59.8 0.28256 1.661 -0.77783 0 0 0
60 0.11924 1.7082 -0.85409 0 0 0
60.2 0.23283 1.5229 -0.88719 0 0 0
60.4 0.10951 1.6847 -0.81826 0 0 0
60.6 0.11421 1.5276 -0.88679 0 0 0
60.8 0.11974 1.624 -0.89839 0 0 0
61 0.19651 1.6514 -0.85099 0 0 0
61.2 0.18985 1.6716 -0.92684 0 0 0
61.4 0.18267 1.5767 -0.84627 0 0 0
61.6 0.25313 1.6413 -0.93027 0 0 0
61.8 0.19929 1.6985 -0.92195 0 0 0
62 0.22727 1.6494 -0.8931 0 0 0
62.2 0.19017 1.6779 -0.89065 0 0 0
62.4 0.16004 1.619 -0.81085 0 0 0
62.6 0.14526 1.6014 -0.88458 0 0 0
62.8 0.28824 1.6962 -0.81761 0 0 0
63 0.14637 1.6624 -0.82077 0 0 0
63.2 0.25149 1.686 -0.86332 0 0 0
63.4 0.19291 1.5229 -0.73294 0 0 0
63.6 0.15766 1.5398 -0.90125 0 0 0
63.8 0.21675 1.6294 -0.76066 0 0 0
64 0.094877 1.692 -0.77348 0 0 0
64.2 0.10608 1.5736 -0.82606 0 0 0
64.4 0.2775 1.6758 -0.92715 0 0 0
64.6 0.27473 1.6483 -0.87823 0 0 0
64.8 0.25981 1.6657 -0.7312 0 0 0
65 0.27623 1.6997 -0.78881 0 0 0
65.2 0.22933 1.6743 -0.8873 0 0 0
65.4 0.24891 1.5621 -0.8026 0 0 0
65.6 0.23223 1.5294 -0.90671 0 0 0
65.8 0.13327 1.5514 -0.81958 0 0 0
66 0.18398 1.6644 -0.77333 0 0 0
66.2 0.25128 1.5465 -0.84802 0 0 0
66.4 0.093883 1.5649 -0.91419 0 0 0
66.6 0.20461 1.6114 -0.8135 0 0 0
66.8 0.18015 1.6138 -0.80307 0 0 0
67 0.10518 1.5387 -0.90589 0 0 0
67.2 0.18189 1.6221 -0.75787 0 0 0
67.4 0.26142 1.536 -0.83336 0 0 0
67.6 0.21715 1.554 -0.87572 0 0 0
67.8 0.24182 1.6703 -0.86863 0 0 0
68 0.28063 1.5876 -0.79761 0 0 0
68.2 0.15856 1.5817 -0.8309 0 0 0
68.4 0.2427 1.6845 -0.84209 0 0 0
68.6 0.26808 1.7171 -0.8658 0 0 0
68.8 0.18016 1.7145 -0.81774 0 0 0
69 0.19781 1.6361 -0.92788 0 0 0
69.2 0.22403 1.5674 -0.82035 0 0 0
69.4 0.1873 1.5791 -0.74376 0 0 0
69.6 0.13016 1.6555 -0.83457 0 0 0
69.8 0.1387 1.6355 -0.86522 0 0 0
70 0.17589 1.5607 -0.7703 0 0 0
70.2 0.096556 1.7124 -0.90223 0 0 0
70.4 0.24363 1.588 -0.9152 0 0 0
70.6 0.10592 1.5507 -0.84184 0 0 0
70.8 0.17983 1.5864 -0.83782 0 0 0
71 0.20205 1.5433 -0.78358 0 0 0
71.2 0.21553 1.6751 -0.79111 0 0 0
71.4 0.18074 1.6792 -0.8243 0 0 0
71.6 0.10971 1.6381 -0.88966 0 0 0
71.8 0.15029 1.5366 -0.89953 0 0 0
72 0.10814 1.5593 -0.85047 0 0 0
72.2 0.23949 1.6758 -0.8434 0 0 0
72.4 0.16277 1.5914 -0.73591 0 0 0
72.6 0.22394 1.6885 -0.74557 0 0 0
72.8 0.18985 1.5475 -0.86931 0 0 0
73 0.17002 1.6604 -0.7584 0 0 0
73.2 0.15888 1.5588 -0.81887 0 0 0
73.4 0.11411 1.6001 -0.82209 0 0 0
73.6 0.16758 1.5885 -0.76246 0 0 0
73.8 0.16899 1.7053 -0.77333 0 0 0
74 0.18986 1.6884 -0.82365 0 0 0
74.2 0.25262 1.6466 -0.93055 0 0 0
74.4 0.23178 1.6938 -0.85689 0 0 0
74.6 0.26346 1.564 -0.8437 0 0 0
74.8 0.19595 1.5337 -0.80428 0 0 0
75 0.2645 1.6563 -0.90156 0 0 0
75.2 0.18659 1.6278 -0.81785 0 0 0
75.4 0.27221 1.8086 -0.89275 0 0 0
75.6 0.67969 2.4134 -1.2189 0 0 0
75.8 1.0655 3.0022 -1.2496 0 0 0
76 0.84251 2.0629 -0.66375 0 0 0
76.2 0.099749 -0.61231 0.72299 0 0 0
76.4 -0.56745 -2.8826 1.9606 0 0 0
76.6 -1.6897 -4.333 2.4134 0 0 0
76.8 -2.043 -5.6879 3.0017 0 0 0
77 -2.1074 -6.9031 3.9169 0 0 0
77.2 -2.6305 -8.871 4.7836 0 0 0
77.4 -2.7434 -8.9762 4.9263 0 0 0
77.6 -2.8795 -10.839 6.1288 0 0 0
77.8 -4.594 -13.657 7.0124 0 0 0
78 -5.5914 -16.624 8.3953 0 0 0
78.2 -6.5016 -19.591 10.019 0 0 0
78.4 -6.6401 -20.643 10.59 0 0 0
78.6 -6.8758 -22.299 11.694 0 0 0
78.8 -6.9064 -22.929 12.212 0 0 0
79 -4.1837 -17.439 10.381 0 0 0
79.2 -2.5856 -20.361 13.896 0 0 0
79.4 -2.978 -14.267 8.7911 0 0 0
79.6 -2.6989 -9.8769 5.7361 0 0 0
79.8 -3.0054 -9.5832 5.2448 0 0 0
80 -3.0801 -11.894 7.0304 0 0 0
80.2 -3.1455 -12.204 7.0887 0 0 0
80.4 -3.2102 -12.554 7.3807 0 0 0
80.6 -2.9 -12.266 7.191 0 0 0
80.8 -1.9387 -10.171 6.4371 0 0 0
81 -1.8853 -9.7994 6.3536 0 0 0
81.2 -1.6493 -9.2699 6.1322 0 0 0
81.4 -1.408 -8.5191 5.7204 0 0 0
81.6 -1.3519 -8.4932 5.6022 0 0 0
81.8 -1.4141 -8.5524 5.6204 0 0 0
82 -1.2883 -8.4925 5.7409 0 0 0
82.2 -1.3639 -8.4945 5.689 0 0 0
82.4 -1.3191 -8.5602 5.6667 0 0 0
82.6 -1.3015 -8.4578 5.6474 0 0 0
82.8 -1.3019 -8.4065 5.6271 0 0 0
83 -1.2922 -8.5003 5.7793 0 0 0
83.2 -1.3722 -8.5506 5.6694 0 0 0
83.4 -1.4153 -8.5268 5.6176 0 0 0
83.6 -1.3057 -8.574 5.6981 0 0 0
83.8 -1.3791 -8.5737 5.5959 0 0 0
84 -1.2535 -8.5804 5.6995 0 0 0
84.2 -1.3723 -8.4757 5.6691 0 0 0
84.4 -1.2894 -8.4732 5.742 0 0 0
84.6 -1.3663 -8.5248 5.6223 0 0 0
84.8 -1.3594 -8.4349 5.6834 0 0 0
85 -1.3139 -8.4515 5.7085 0 0 0
85.2 -1.2513 -8.3978 5.6069 0 0 0
85.4 -1.3795 -8.4887 5.6892 0 0 0
85.6 -1.2424 -8.4821 5.7452 0 0 0
85.8 -1.2846 -8.4279 5.6165 0 0 0
86 -1.4315 -8.4715 5.7298 0 0 0
86.2 -1.2622 -8.4325 5.7559 0 0 0
86.4 -1.2933 -8.4017 5.6924 0 0 0
86.6 -1.3199 -8.5437 5.5907 0 0 0
86.8 -1.3648 -8.4641 5.6611 0 0 0
87 -1.3658 -8.4926 5.7844 0 0 0
87.2 -1.4169 -8.4624 5.6187 0 0 0
87.4 -1.3407 -8.5451 5.7447 0 0 0
87.6 -1.3009 -8.4502 5.662 0 0 0
87.8 -1.318 -8.5823 5.6461 0 0 0
88 -1.352 -8.5404 5.6985 0 0 0
88.2 -1.2454 -8.4029 5.6712 0 0 0
88.4 -1.3603 -8.4321 5.7738 0 0 0
88.6 -1.2428 -8.4791 5.6612 0 0 0
88.8 -1.4264 -8.5721 5.6123 0 0 0
89 -1.3442 -8.5458 5.6408 0 0 0
89.2 -1.2922 -8.5834 5.6209 0 0 0
89.4 -1.2918 -8.3925 5.7524 0 0 0
89.6 -1.3303 -8.4193 5.7157 0 0 0
89.8 -1.3099 -8.4967 5.7217 0 0 0
90 -1.2831 -8.3877 5.7226 0 0 0
90.2 -1.2721 -8.4269 5.6992 0 0 0
90.4 -1.365 -8.488 5.647 0 0 0
90.6 -1.3196 -8.5596 5.6092 0 0 0
90.8 -1.2613 -8.5433 5.756 0 0 0
91 -1.3146 -8.4195 5.6528 0 0 0
91.2 -1.3307 -8.521 5.7095 0 0 0
91.4 -1.2617 -8.438 5.6835 0 0 0
91.6 -1.2956 -8.5538 5.7214 0 0 0
91.8 -1.4111 -8.4395 5.642 0 0 0
92 -1.332 -8.575 5.6467 0 0 0
92.2 -1.4285 -8.4429 5.728 0 0 0
92.4 -1.3439 -8.5614 5.7845 0 0 0
92.6 -1.2509 -8.389 5.6463 0 0 0
92.8 -1.4234 -8.4671 5.7606 0 0 0
93 -1.2433 -8.5319 5.7701 0 0 0
93.2 -1.3963 -8.4994 5.7573 0 0 0
93.4 -1.3584 -8.3997 5.7402 0 0 0
93.6 -1.3913 -8.4842 5.6416 0 0 0
93.8 -1.4133 -8.5729 5.7792 0 0 0
94 -1.3458 -8.4539 5.7592 0 0 0
94.2 -1.3769 -8.4959 5.7583 0 0 0
94.4 -1.4122 -8.5563 5.7452 0 0 0
94.6 -1.3326 -8.4307 5.6845 0 0 0
94.8 -1.3846 -8.4795 5.76 0 0 0
95 -1.3625 -8.5682 5.7756 0 0 0
95.2 -1.3207 -8.4057 5.5946 0 0 0
95.4 -1.3228 -8.4121 5.7356 0 0 0
95.6 -1.3481 -8.5745 5.683 0 0 0
95.8 -1.3553 -8.4578 5.708 0 0 0
96 -1.3562 -8.4079 5.7867 0 0 0
96.2 -1.3762 -8.5162 5.7592 0 0 0
96.4 -1.3964 -8.4524 5.7851 0 0 0
96.6 -1.4069 -8.4949 5.6588 0 0 0
96.8 -1.4292 -8.4964 5.6453 0 0 0
97 -1.2818 -8.5824 5.6531 0 0 0
97.2 -1.3314 -8.4135 5.6571 0 0 0
97.4 -1.288 -8.3982 5.6994 0 0 0
97.6 -1.2802 -8.49 5.6468 0 0 0
97.8 -1.3786 -8.4718 5.773 0 0 0
98 -1.3937 -8.3872 5.7239 0 0 0
98.2 -1.4196 -8.5049 5.7469 0 0 0
98.4 -1.3473 -8.5418 5.6264 0 0 0
98.6 -1.292 -8.4125 5.618 0 0 0
98.8 -1.2369 -8.448 5.6009 0 0 0
99 -1.3221 -8.5515 5.7135 0 0 0
99.2 -1.4236 -8.584 5.7078 0 0 0
99.4 -1.316 -8.5519 5.6648 0 0 0
99.6 -1.3767 -8.5445 5.5943 0 0 0
99.8 -1.3239 -8.4054 5.6216 0 0 0
100 -1.3437 -8.4439 5.6911 0 0 0
100.2 -1.4089 -8.5594 5.7472 0 0 0
100.4 -1.3564 -8.5007 5.7422 0 0 0
100.6 -1.2794 -8.4535 5.7767 0 0 0
100.8 -1.2487 -8.5213 5.7488 0 0 0
101 -1.2938 -8.4663 5.6806 0 0 0
101.2 -1.2383 -8.5436 5.6587 0 0 0
101.4 -1.0883 -7.9604 5.4282 0 0 0
101.6 -0.49898 -5.964 4.3725 0 0 0
101.8 0.14637 -4.5509 3.8844 0 0 0
102 0.43285 -3.2009 2.9497 0 0 0
102.2 0.69106 -2.085 2.4985 0 0 0
102.4 1.1043 -1.0402 1.9803 0 0 0
102.6 1.2682 -0.47097 1.6901 0 0 0
102.8 1.3012 -0.19803 1.4095 0 0 0
103 1.4684 0.026927 1.4895 0 0 0
103.2 1.2212 -0.2071 1.5597 0 0 0
103.4 0.62327 -1.7105 2.1867 0 0 0
103.6 -0.48193 -4.2225 3.1617 0 0 0
103.8 -1.4957 -7.2143 4.5663 0 0 0
104 -1.8723 -9.0097 5.6268 0 0 0
104.2 -1.8771 -9.059 5.6486 0 0 0
104.4 -1.4046 -7.776 5.1972 0 0 0
104.6 -0.77378 -6.5785 4.6454 0 0 0
104.8 -0.17981 -5.0266 4.208 0 0 0
105 0.29184 -4.3486 3.7764 0 0 0
105.2 0.42142 -3.3792 3.3006 0 0 0
105.4 1.1008 -2.4294 3.0459 0 0 0
105.6 1.0311 -1.6387 2.4013 0 0 0
105.8 1.302 -1.4035 2.514 0 0 0
106 1.3285 -1.0591 2.2722 0 0 0
106.2 1.3627 -0.71983 1.9822 0 0 0
106.4 1.3111 -0.2911 1.6339 0 0 0
106.6 1.3654 0.10682 1.3688 0 0 0
106.8 1.4533 0.2841 1.1672 0 0 0
107 1.3115 0.37238 1.0068 0 0 0
107.2 1.1743 0.27768 0.83611 0 0 0
107.4 1.2297 0.39083 0.8858 0 0 0
107.6 1.1178 0.39006 0.96899 0 0 0
107.8 1.1456 0.4419 0.97728 0 0 0
108 1.1752 0.48883 0.85239 0 0 0
108.2 1.1886 0.4236 0.98184 0 0 0
108.4 1.2549 0.48785 0.85575 0 0 0
108.6 1.2864 0.41337 0.9661 0 0 0
108.8 1.2292 0.47752 0.83839 0 0 0
109 1.2945 0.40112 0.90145 0 0 0
109.2 1.2543 0.51958 0.98585 0 0 0
109.4 1.2085 0.47964 0.92868 0 0 0
109.6 1.2733 0.33353 1.0122 0 0 0
109.8 1.2665 0.48065 0.88602 0 0 0
110 1.1297 0.51198 0.93831 0 0 0
110.2 1.2554 0.39917 0.86073 0 0 0
110.4 1.2267 0.34387 0.90113 0 0 0
110.6 1.1828 0.50063 1.0224 0 0 0
110.8 1.2715 0.34849 0.89142 0 0 0
111 1.1109 0.43953 1.0044 0 0 0
111.2 1.1225 0.51272 0.96221 0 0 0
111.4 1.2929 0.43402 0.82863 0 0 0
111.6 1.1825 0.34001 0.91894 0 0 0
111.8 1.2097 0.4178 0.95806 0 0 0
112 1.284 0.46785 0.90318 0 0 0
112.2 1.1713 0.38189 0.8535 0 0 0
112.4 1.236 0.5088 0.93491 0 0 0
112.6 1.2487 0.42156 1.0125 0 0 0
112.8 1.1479 0.37602 1.0145 0 0 0
113 1.2144 0.3688 1.0207 0 0 0
113.2 1.1943 0.49955 0.98988 0 0 0
113.4 1.2253 0.47794 0.9535 0 0 0
113.6 1.2121 0.46206 0.99651 0 0 0
113.8 1.2069 0.35103 0.99543 0 0 0
114 1.1605 0.49685 0.97506 0 0 0
114.2 1.2791 0.4206 0.85573 0 0 0
114.4 1.2906 0.45974 0.83857 0 0 0
114.6 1.2645 0.5105 0.92446 0 0 0
114.8 1.2971 0.35176 0.84129 0 0 0
115 1.2081 0.45038 0.91025 0 0 0
115.2 1.1258 0.33289 0.88507 0 0 0
115.4 1.2333 0.34786 0.89851 0 0 0
115.6 1.1414 0.51075 1.0218 0 0 0
115.8 1.2747 0.43914 0.99658 0 0 0
116 1.2918 0.45846 1.0123 0 0 0
116.2 1.124 0.37679 0.87354 0 0 0
116.4 1.1626 0.45373 0.83238 0 0 0
116.6 1.2631 0.34541 0.98905 0 0 0
116.8 1.1916 0.45877 0.96043 0 0 0
117 1.2018 0.36487 0.94188 0 0 0
117.2 1.1092 0.4534 0.86563 0 0 0
117.4 1.2178 0.52368 0.92971 0 0 0
117.6 1.2178 0.46345 0.83383 0 0 0
117.8 1.2516 0.39598 0.90889 0 0 0
118 1.1186 0.42119 0.86083 0 0 0
118.2 1.2607 0.3346 0.88824 0 0 0
118.4 1.142 0.43424 1.0102 0 0 0
118.6 1.2095 0.52745 0.99215 0 0 0
118.8 1.2881 0.47429 0.87408 0 0 0
119 1.3005 0.409 0.89812 0 0 0
119.2 1.2983 0.44776 0.96938 0 0 0
119.4 1.1642 0.44425 0.97912 0 0 0
119.6 1.254 0.43115 0.82501 0 0 0
119.8 1.1445 0.35872 0.86702 0 0 0
120 1.2755 0.3878 0.83609 0 0 0
120.2 1.2348 0.42984 0.96381 0 0 0
120.4 1.1237 0.35799 0.99787 0 0 0
120.6 1.2194 0.41089 0.87818 0 0 0
120.8 1.296 0.44824 0.96124 0 0 0
121 1.2722 0.49149 0.85048 0 0 0
121.2 1.2539 0.42373 0.89763 0 0 0
121.4 1.2439 0.46444 0.98986 0 0 0
121.6 1.1526 0.48105 0.96183 0 0 0
121.8 1.1113 0.36603 0.96166 0 0 0
122 1.1957 0.45354 0.99335 0 0 0
122.2 1.1267 0.4836 0.8816 0 0 0
122.4 1.1356 0.41383 0.95287 0 0 0
122.6 1.1872 0.41741 0.88241 0 0 0
122.8 1.2365 0.42737 1.0116 0 0 0
123 1.2979 0.37298 0.97884 0 0 0
123.2 1.1592 0.4962 0.98768 0 0 0
123.4 1.2095 0.42992 0.96992 0 0 0
123.6 1.2894 0.35016 0.98141 0 0 0
123.8 1.1366 0.40249 0.90371 0 0 0
124 1.2611 0.49378 0.8488 0 0 0
124.2 1.1239 0.35418 0.85459 0 0 0
124.4 1.28 0.45949 0.98601 0 0 0
124.6 1.2077 0.47694 0.82879 0 0 0
124.8 1.2981 0.47175 0.93148 0 0 0
125 1.2545 0.35068 0.98738 0 0 0
125.2 1.2478 0.52134 1.0124 0 0 0
125.4 1.1038 0.41435 0.91473 0 0 0
125.6 1.1444 0.44164 0.83658 0 0 0
125.8 1.1553 0.34937 0.92716 0 0 0
126 1.1193 0.42624 0.86185 0 0 0
126.2 1.2503 0.36034 0.88242 0 0 0
126.4 1.2678 0.39131 1.0178 0 0 0
126.6 1.1719 0.3558 0.85574 0 0 0
126.8 1.1305 0.39832 0.97815 0 0 0
127 1.2364 0.46223 0.89096 0 0 0
127.2 1.2694 0.43286 0.9175 0 0 0
127.4 1.3736 0.68763 0.82536 0 0 0
127.6 1.2705 0.77323 0.70691 0 0 0
127.8 1.3241 0.87942 0.71521 0 0 0
128 1.247 0.99721 0.34232 0 0 0
128.2 1.0546 0.92294 0.52538 0 0 0
128.4 1.1757 0.91816 0.45062 0 0 0
128.6 0.87126 0.83284 0.39535 0 0 0
128.8 1.1503 0.86416 0.39914 0 0 0
129 1.0748 1.2022 0.19265 0 0 0
129.2 0.96755 1.2472 0.16706 0 0 0
129.4 1.0266 1.3585 0.082167 0 0 0
129.6 1.2411 1.4711 0.11392 0 0 0
129.8 1.1435 1.5992 0.050615 0 0 0
130 1.0029 1.5446 -0.10722 0 0 0
130.2 1.2681 1.948 -0.235 0 0 0
130.4 1.232 2.0577 -0.32444 0 0 0
130.6 1.3385 2.2581 -0.53902 0 0 0
130.8 1.3031 2.3541 -0.7002 0 0 0
131 1.2318 2.1054 -0.54819 0 0 0
131.2 0.55019 1.2515 -0.54327 0 0 0
131.4 0.085003 -0.079462 0.2752 0 0 0
131.6 -0.63909 -1.636 0.70806 0 0 0
131.8 -0.47567 -1.5706 0.78444 0 0 0
132 -0.27338 -1.0043 0.46854 0 0 0
132.2 -0.44263 -1.4628 1.7894 0 0 0
132.4 -1.1213 -3.3286 5.5815 0 0 0
132.6 -0.78832 -1.5139 4.4114 0 0 0
132.8 -0.29722 -0.021014 3.6558 0 0 0
133 -0.09185 0.71931 2.9239 0 0 0
133.2 -0.024585 1.2432 2.7528 0 0 0
133.4 0.00048158 1.4185 2.5488 0 0 0
133.6 0.054189 1.5151 2.6406 0 0 0
133.8 0.18252 1.5622 2.577 0 0 0
134 0.099033 1.5318 2.6141 0 0 0
134.2 0.17129 1.5954 2.4622 0 0 0
134.4 0.071849 1.5652 2.5294 0 0 0
134.6 0.17313 1.5599 2.4531 0 0 0
134.8 0.10318 1.4741 2.5652 0 0 0
135 0.17475 1.5133 2.5911 0 0 0
135.2 0.016782 1.538 2.5813 0 0 0
135.4 0.038638 1.5111 2.457 0 0 0
135.6 0.13655 1.5413 2.5801 0 0 0
135.8 0.068499 1.4552 2.5062 0 0 0
136 -0.0034919 1.6054 2.5145 0 0 0
136.2 0.073091 1.4261 2.5901 0 0 0
136.4 0.060258 1.4914 2.4662 0 0 0
136.6 0.074898 1.606 2.4953 0 0 0
136.8 0.032479 1.5059 2.5326 0 0 0
137 0.038104 1.5313 2.5622 0 0 0
137.2 0.11497 1.4111 2.5062 0 0 0
137.4 0.11512 1.5626 2.5319 0 0 0
137.6 0.030723 1.5572 2.5069 0 0 0
137.8 0.18283 1.4524 2.628 0 0 0
138 0.0074724 1.4884 2.5765 0 0 0
138.2 0.036574 1.4614 2.4802 0 0 0
138.4 0.097879 1.4246 2.5738 0 0 0
138.6 0.14807 1.4529 2.4519 0 0 0
138.8 0.025439 1.5059 2.6013 0 0 0
139 0.18244 1.512 2.4452 0 0 0
139.2 0.080619 1.5767 2.5217 0 0 0
139.4 0.0075287 1.4915 2.5793 0 0 0
139.6 0.13107 1.4893 2.4527 0 0 0
139.8 0.052191 1.5994 2.5318 0 0 0
140 0.15225 1.4759 2.4797 0 0 0
140.2 0.1888 1.4356 2.5614 0 0 0
140.4 0.13388 1.548 2.483 0 0 0
140.6 0.095914 1.5934 2.5215 0 0 0
140.8 0.016035 1.5064 2.6212 0 0 0
141 0.053779 1.51 2.4452 0 0 0
141.2 0.10385 1.4098 2.5808 0 0 0
141.4 -0.001505 1.4466 2.5013 0 0 0
141.6 0.052798 1.5648 2.6091 0 0 0
141.8 0.11414 1.5311 2.5036 0 0 0
142 0.030639 1.5674 2.5228 0 0 0
142.2 0.030249 1.5765 2.635 0 0 0
142.4 0.1315 1.5464 2.6119 0 0 0
142.6 0.11015 1.4252 2.6228 0 0 0
142.8 0.10656 1.5701 2.6313 0 0 0
143 0.18972 1.4358 2.4707 0 0 0
143.2 0.12191 1.5229 2.5145 0 0 0
143.4 0.061139 1.5238 2.5875 0 0 0
143.6 0.10043 1.4121 2.5698 0 0 0
143.8 0.16922 1.5959 2.6115 0 0 0
144 0.19505 1.5319 2.4889 0 0 0
144.2 0.16393 1.5426 2.5087 0 0 0
144.4 0.065708 1.4932 2.4887 0 0 0
144.6 0.14611 1.5494 2.4504 0 0 0
144.8 0.18411 1.503 2.5808 0 0 0
145 0.12985 1.4907 2.502 0 0 0
145.2 0.09247 1.6066 2.451 0 0 0
145.4 0.053462 1.5059 2.5017 0 0 0
145.6 0.11526 1.4323 2.4674 0 0 0
145.8 0.06351 1.5805 2.4591 0 0 0
146 0.18814 1.4773 2.561 0 0 0
146.2 0.084644 1.4722 2.447 0 0 0
146.4 0.18863 1.4844 2.6135 0 0 0
146.6 0.13151 1.5829 2.458 0 0 0
146.8 0.13744 1.5152 2.5416 0 0 0
147 0.18777 1.4139 2.4773 0 0 0
147.2 0.1842 1.4586 2.5292 0 0 0
147.4 0.16298 1.5536 2.6174 0 0 0
147.6 0.027277 1.4954 2.5761 0 0 0
147.8 0.16232 1.4612 2.6373 0 0 0
148 0.089057 1.4468 2.524 0 0 0
148.2 0.055967 1.4518 2.5272 0 0 0
148.4 0.10089 1.5079 2.6007 0 0 0
148.6 0.16256 1.4155 2.6252 0 0 0
148.8 0.10406 1.4834 2.5787 0 0 0
149 0.048195 1.4802 2.4791 0 0 0
149.2 0.067037 1.4638 2.5088 0 0 0
149.4 0.033577 1.4618 2.499 0 0 0
149.6 0.06636 1.5578 2.491 0 0 0
149.8 0.034173 1.4352 2.5853 0 0 0
150 0.16337 1.5695 2.5067 0 0 0
150.2 0.073059 1.4698 2.6396 0 0 0
150.4 -0.0018711 1.4775 2.6173 0 0 0
150.6 0.058034 1.5408 2.5688 0 0 0
150.8 0.16358 1.4167 2.6207 0 0 0
151 0.052496 1.5633 2.5062 0 0 0
151.2 0.1525 1.5469 2.57 0 0 0
151.4 0.10253 1.5943 2.5716 0 0 0
151.6 0.027012 1.4213 2.505 0 0 0
151.8 0.10128 1.5464 2.5614 0 0 0
152 0.052877 1.554 2.4663 0 0 0
152.2 0.1392 1.5782 2.6045 0 0 0
152.4 0.14311 1.5197 2.6198 0 0 0
152.6 0.086156 1.5774 2.5743 0 0 0
152.8 0.032644 1.4187 2.4558 0 0 0
153 0.023337 1.5607 2.6325 0 0 0
153.2 0.050783 1.5441 2.4564 0 0 0
153.4 0.24184 1.9396 2.4289 0 0 0
153.6 0.39708 2.2516 2.4866 0 0 0
153.8 0.36486 2.3462 2.2417 0 0 0
154 0.071443 1.6205 2.3805 0 0 0
154.2 -0.59459 -0.29416 3.4333 0 0 0
154.4 -1.2419 -2.4352 4.2307 0 0 0
154.6 -1.7875 -4.8379 5.3937 0 0 0
154.8 -2.3788 -6.3362 6.0412 0 0 0
155 -2.3547 -6.7189 6.325 0 0 0
155.2 -1.7973 -5.2444 6.0525 0 0 0
155.4 -1.2783 -3.5121 5.7413 0 0 0
155.6 -0.94497 -2.0222 5.0447 0 0 0
155.8 -0.44325 -0.36559 4.3418 0 0 0
156 -0.31997 0.20683 3.7077 0 0 0
156.2 -0.162 0.77877 3.2149 0 0 0
156.4 -0.0030025 1.3194 2.8384 0 0 0
156.6 0.071909 2.0193 2.6982 0 0 0
156.8 0.26998 2.3181 2.4194 0 0 0
157 0.37516 2.5776 2.1492 0 0 0
157.2 0.45161 2.9797 1.9018 0 0 0
157.4 0.045418 2.2315 2.3906 0 0 0
157.6 -0.36426 0.65531 3.0771 0 0 0
157.8 -0.84806 -1.5157 3.9775 0 0 0
158 -1.3659 -3.1796 4.8106 0 0 0
158.2 -1.7544 -4.5736 5.4454 0 0 0
158.4 -2.0933 -5.9502 5.8224 0 0 0
158.6 -2.0556 -6.096 5.7407 0 0 0
158.8 -1.5932 -3.7835 5.3765 0 0 0
159 -1.001 -1.7806 4.6425 0 0 0
159.2 -0.79356 -0.57978 4.0443 0 0 0
159.4 -0.5451 -0.25311 3.6917 0 0 0
159.6 -0.54818 -0.086707 3.7745 0 0 0
159.8 -0.47934 -0.20323 3.6087 0 0 0
160 -0.61645 -0.13546 3.7173 0 0 0
160.2 -0.46768 -0.14766 3.6089 0 0 0
160.4 -0.4587 -0.13219 3.5914 0 0 0
160.6 -0.58773 -0.10387 3.7024 0 0 0
160.8 -0.52923 -0.22419 3.6859 0 0 0
161 -0.54856 -0.24538 3.73 0 0 0
161.2 -0.56216 -0.27175 3.5865 0 0 0
161.4 -0.58226 -0.16888 3.5849 0 0 0
161.6 -0.58712 -0.17783 3.6921 0 0 0
161.8 -0.63733 -0.15751 3.7279 0 0 0
162 -0.57589 -0.16672 3.6126 0 0 0
162.2 -0.6061 -0.19632 3.6828 0 0 0
162.4 -0.55672 -0.25381 3.6903 0 0 0
162.6 -0.51395 -0.13334 3.6966 0 0 0
162.8 -0.62652 -0.089663 3.5837 0 0 0
163 -0.48868 -0.25769 3.6296 0 0 0
163.2 -0.46796 -0.12078 3.6114 0 0 0
163.4 -0.48823 -0.1101 3.6811 0 0 0
163.6 -0.55698 -0.27223 3.7226 0 0 0
163.8 -0.52202 -0.19075 3.7591 0 0 0
164 -0.56269 -0.13857 3.5817 0 0 0
164.2 -0.57028 -0.13958 3.7404 0 0 0
164.4 -0.64711 -0.12307 3.7451 0 0 0
164.6 -0.4686 -0.17963 3.6695 0 0 0
164.8 -0.6453 -0.17416 3.6496 0 0 0
165 -0.55876 -0.21702 3.5907 0 0 0
165.2 -0.57682 -0.17617 3.6096 0 0 0
165.4 -0.54716 -0.2821 3.71 0 0 0
165.6 -0.45434 -0.13897 3.6936 0 0 0
165.8 -0.47348 -0.11953 3.7091 0 0 0
166 -0.65102 -0.11906 3.6656 0 0 0
166.2 -0.49787 -0.2797 3.734 0 0 0
166.4 -0.55691 -0.10389 3.6667 0 0 0
166.6 -0.57593 -0.26734 3.7545 0 0 0
166.8 -0.48935 -0.11614 3.5901 0 0 0
167 -0.47909 -0.18188 3.7027 0 0 0
167.2 -0.4543 -0.28305 3.7373 0 0 0
167.4 -0.61484 -0.26049 3.6398 0 0 0
167.6 -0.47998 -0.16769 3.6828 0 0 0
167.8 -0.59247 -0.14197 3.7488 0 0 0
168 -0.57172 -0.27892 3.6824 0 0 0
168.2 -0.4907 -0.25109 3.7343 0 0 0
168.4 -0.58032 -0.23984 3.6928 0 0 0
168.6 -0.56873 -0.14332 3.7519 0 0 0
168.8 -0.63573 -0.13221 3.6642 0 0 0
169 -0.52047 -0.16845 3.5942 0 0 0
169.2 -0.50771 -0.11174 3.7615 0 0 0
169.4 -0.59381 -0.19552 3.6593 0 0 0
169.6 -0.58637 -0.089537 3.6809 0 0 0
169.8 -0.50711 -0.23433 3.7138 0 0 0
170 -0.45688 -0.14819 3.5865 0 0 0
170.2 -0.51422 -0.16697 3.6437 0 0 0
170.4 -0.63599 -0.23046 3.7341 0 0 0
170.6 -0.55982 -0.23048 3.5769 0 0 0
170.8 -0.5269 -0.14957 3.5864 0 0 0
171 -0.54892 -0.12407 3.6304 0 0 0
171.2 -0.6257 -0.27107 3.6471 0 0 0
171.4 -0.59887 -0.21245 3.7318 0 0 0
171.6 -0.45655 -0.12508 3.6133 0 0 0
171.8 -0.49497 -0.094657 3.6569 0 0 0
172 -0.46731 -0.087576 3.7144 0 0 0
172.2 -0.5843 -0.20121 3.7415 0 0 0
172.4 -0.61215 -0.19969 3.6848 0 0 0
172.6 -0.5179 -0.21863 3.758 0 0 0
172.8 -0.58289 -0.19539 3.7591 0 0 0
173 -0.5663 -0.13233 3.6993 0 0 0
173.2 -0.47222 -0.13518 3.7577 0 0 0
173.4 -0.48725 -0.087844 3.7543 0 0 0
173.6 -0.5757 -0.24571 3.6446 0 0 0
173.8 -0.50718 -0.21124 3.7748 0 0 0
174 -0.59584 -0.14459 3.7536 0 0 0
174.2 -0.59554 -0.25362 3.6483 0 0 0
174.4 -0.59461 -0.22153 3.7322 0 0 0
174.6 -0.649 -0.12452 3.6412 0 0 0
174.8 -0.4704 -0.24253 3.6069 0 0 0
175 -0.51677 -0.22065 3.7235 0 0 0
175.2 -0.60712 -0.19392 3.7019 0 0 0
175.4 -0.5545 -0.21586 3.6956 0 0 0
175.6 -0.49586 -0.27162 3.6237 0 0 0
175.8 -0.57793 -0.18528 3.632 0 0 0
176 -0.61026 -0.23148 3.7353 0 0 0
176.2 -0.50944 -0.1728 3.693 0 0 0
176.4 -0.49941 -0.28082 3.6359 0 0 0
176.6 -0.51532 -0.16358 3.6348 0 0 0
176.8 -0.53004 -0.2016 3.6206 0 0 0
177 -0.50151 -0.15726 3.6767 0 0 0
177.2 -0.55168 -0.2251 3.6886 0 0 0
177.4 -0.58809 -0.22817 3.5894 0 0 0
177.6 -0.6537 -0.20022 3.6084 0 0 0
177.8 -0.53784 -0.17627 3.6777 0 0 0
178 -0.6196 -0.26183 3.6839 0 0 0
178.2 -0.61499 -0.26024 3.6776 0 0 0
178.4 -0.62391 -0.24057 3.6 0 0 0
178.6 -0.55289 -0.26494 3.6067 0 0 0
178.8 -0.65049 -0.26772 3.6574 0 0 0
179 -0.55973 -0.24861 3.7143 0 0 0
179.2 -0.64476 -0.14962 3.7317 0 0 0
179.4 -0.49221 0.059616 3.3053 0 0 0
179.6 -0.28049 0.88528 2.836 0 0 0
179.8 0.030129 1.8226 2.653 0 0 0
180 0.25593 2.2055 2.154 0 0 0
180.2 0.19076 2.5602 1.9672 0 0 0
180.4 0.20945 2.769 2.0995 0 0 0
180.6 -0.10685 1.6582 2.4618 0 0 0
180.8 -0.61392 -0.24228 3.3419 0 0 0
181 -1.1238 -2.3364 4.1045 0 0 0
181.2 -1.6114 -3.8132 4.8854 0 0 0
181.4 -1.6838 -4.7146 4.8894 0 0 0
181.6 -1.5977 -4.5643 4.7984 0 0 0
181.8 -1.2346 -2.8034 4.4219 0 0 0
182 -0.9021 -1.001 3.907 0 0 0
182.2 -0.50676 -0.03184 3.2349 0 0 0
182.4 -0.25485 0.84958 2.7661 0 0 0
182.6 -0.093196 1.8097 2.4451 0 0 0
182.8 0.095304 2.2174 2.0901 0 0 0
183 0.34434 2.7394 1.9307 0 0 0
183.2 0.36153 3.227 1.7796 0 0 0
183.4 0.48649 3.454 1.4324 0 0 0
183.6 0.4233 3.004 1.6787 0 0 0
183.8 0.40379 2.7662 1.5082 0 0 0
184 0.51508 3.0118 1.4665 0 0 0
184.2 0.51402 2.9421 1.2494 0 0 0
184.4 0.60952 3.0343 1.2237 0 0 0
184.6 0.79113 3.0018 0.88514 0 0 0
184.8 0.79185 3.2487 0.76474 0 0 0
185 0.95089 3.5173 0.58964 0 0 0
185.2 1.0707 3.5559 0.61387 0 0 0
185.4 1.0295 3.705 0.48389 0 0 0
185.6 1.0461 3.6578 0.49308 0 0 0
185.8 1.0667 3.5663 0.48796 0 0 0
186 1.0734 3.6662 0.49351 0 0 0
186.2 1.0275 3.5831 0.41814 0 0 0
186.4 0.97433 3.5917 0.5284 0 0 0
186.6 1.0786 3.6163 0.51132 0 0 0
186.8 1.1247 3.5579 0.51776 0 0 0
187 1.0138 3.5753 0.39787 0 0 0
187.2 1.0675 3.5763 0.37129 0 0 0
187.4 1.1177 3.6037 0.51789 0 0 0
187.6 1.0363 3.6134 0.53235 0 0 0
187.8 1.0657 3.7041 0.48313 0 0 0
188 1.0327 3.685 0.38132 0 0 0
188.2 0.96156 3.5757 0.43481 0 0 0
188.4 0.96235 3.7094 0.55691 0 0 0
188.6 0.96131 3.6624 0.54074 0 0 0
188.8 1.0289 3.6907 0.50754 0 0 0
189 1.1275 3.6224 0.40364 0 0 0
189.2 1.0665 3.5283 0.50612 0 0 0
189.4 1.1257 3.7098 0.3861 0 0 0
189.6 0.9523 3.6522 0.48239 0 0 0
189.8 1.0011 3.5308 0.462 0 0 0
190 1.1297 3.7136 0.5032 0 0 0
190.2 0.9418 3.5767 0.45701 0 0 0
190.4 0.97329 3.7077 0.37633 0 0 0
190.6 1.0908 3.5524 0.45867 0 0 0
190.8 1.1065 3.5179 0.4636 0 0 0
191 1.0609 3.6934 0.37226 0 0 0
191.2 1.0433 3.6879 0.4889 0 0 0
191.4 1.1283 3.585 0.43051 0 0 0
191.6 1.088 3.5374 0.53537 0 0 0
191.8 1.0799 3.6434 0.55337 0 0 0
192 1.0887 3.5978 0.42366 0 0 0
192.2 1.1145 3.7034 0.42939 0 0 0
192.4 1.1326 3.6939 0.38868 0 0 0
192.6 1.1361 3.6416 0.51535 0 0 0
192.8 1.1235 3.6965 0.51368 0 0 0
193 0.99642 3.5596 0.49436 0 0 0
193.2 0.95145 3.5694 0.44541 0 0 0
193.4 1.1039 3.5186 0.49632 0 0 0
193.6 0.97563 3.5358 0.47365 0 0 0
193.8 0.94671 3.6369 0.50023 0 0 0
194 1.094 3.5776 0.54444 0 0 0
194.2 1.0478 3.6728 0.43639 0 0 0
194.4 1.006 3.6462 0.4817 0 0 0
194.6 1.0554 3.5537 0.37591 0 0 0
194.8 1.1106 3.5744 0.41436 0 0 0
195 1.0682 3.5449 0.52731 0 0 0
195.2 1.0237 3.6304 0.42837 0 0 0
195.4 1.0489 3.5466 0.38162 0 0 0
195.6 0.97619 3.689 0.50997 0 0 0
195.8 0.98698 3.5238 0.49785 0 0 0
196 0.98081 3.6878 0.49973 0 0 0
196.2 0.99167 3.5643 0.54671 0 0 0
196.4 1.1283 3.6687 0.403 0 0 0
196.6 1.068 3.529 0.50352 0 0 0
196.8 1.1055 3.6593 0.44683 0 0 0
197 1.0175 3.5546 0.50883 0 0 0
197.2 0.97341 3.7167 0.43102 0 0 0
197.4 1.0878 3.6211 0.50011 0 0 0
197.6 1.1143 3.6254 0.4421 0 0 0
197.8 1.0108 3.572 0.55276 0 0 0
198 0.97549 3.5934 0.44794 0 0 0
198.2 1.139 3.6202 0.50579 0 0 0
198.4 1.1316 3.6208 0.52072 0 0 0
198.6 0.97093 3.6115 0.41007 0 0 0
198.8 1.1255 3.5486 0.50585 0 0 0
199 1.0246 3.5608 0.52839 0 0 0
199.2 0.98434 3.6468 0.51543 0 0 0
199.4 0.96701 3.639 0.40523 0 0 0
199.6 0.99176 3.5542 0.39083 0 0 0
199.8 1.0486 3.6913 0.5337 0 0 0
200 0.95617 3.6233 0.56621 0 0 0
200.2 1.0594 3.7127 0.52052 0 0 0
200.4 0.94557 3.5748 0.55214 0 0 0
200.6 1.0307 3.7076 0.49189 0 0 0
200.8 1.0062 3.6393 0.46203 0 0 0
201 1.1285 3.673 0.37937 0 0 0
201.2 1.0003 3.5304 0.49012 0 0 0
201.4 1.0254 3.636 0.52647 0 0 0
201.6 1.0719 3.6977 0.5338 0 0 0
201.8 1.0159 3.6197 0.4148 0 0 0
202 0.96696 3.6243 0.51677 0 0 0
202.2 0.95905 3.6775 0.5057 0 0 0
202.4 1.0008 3.6488 0.56461 0 0 0
202.6 1.1045 3.6104 0.45251 0 0 0
202.8 1.0652 3.6292 0.38043 0 0 0
203 0.98091 3.6664 0.43324 0 0 0
203.2 1.1358 3.6206 0.43314 0 0 0
203.4 1.0273 3.5419 0.46874 0 0 0
203.6 1.1068 3.5714 0.38131 0 0 0
203.8 1.0476 3.7027 0.38918 0 0 0
204 0.94475 3.6356 0.418 0 0 0
204.2 0.94109 3.6256 0.52668 0 0 0
204.4 1.0969 3.7052 0.54395 0 0 0
204.6 1.0292 3.5689 0.49498 0 0 0
204.8 0.99748 3.7001 0.43669 0 0 0
205 1.1124 3.6292 0.42444 0 0 0
205.2 1.071 3.6655 0.37658 0 0 0
205.4 1.1371 3.5318 0.34676 0 0 0
205.6 1.2901 3.7296 0.1349 0 0 0
205.8 1.1212 3.8102 0.45375 0 0 0
206 0.63242 2.7549 1.1335 0 0 0
206.2 0.11628 0.60535 2.2167 0 0 0
206.4 -0.52724 -0.92701 3.2811 0 0 0
206.6 -0.89989 -2.398 4.1454 0 0 0
206.8 -1.2093 -3.9839 4.6896 0 0 0
207 -1.266 -4.2242 4.515 0 0 0
207.2 -1.0416 -2.3062 4.0856 0 0 0
207.4 -0.69044 -0.57985 3.236 0 0 0
207.6 -0.24139 0.538 2.7132 0 0 0
207.8 -0.068272 1.3659 2.4672 0 0 0
208 0.10946 2.0758 2.0397 0 0 0
208.2 0.56483 2.4849 1.5648 0 0 0
208.4 0.52792 2.711 1.2501 0 0 0
208.6 0.84713 3.1051 1.1438 0 0 0
208.8 0.87207 3.1798 1.0936 0 0 0
209 0.51392 2.7339 1.5697 0 0 0
209.2 0.10871 1.1863 2.2544 0 0 0
209.4 -0.60341 -0.16413 3.1716 0 0 0
209.6 -1.3349 -1.7433 4.2924 0 0 0
209.8 -1.7371 -2.7056 4.9012 0 0 0
210 -1.7735 -3.9063 5.2761 0 0 0
210.2 -2.0665 -3.9693 5.3646 0 0 0
210.4 -1.664 -2.2313 4.7554 0 0 0
210.6 -1.1927 -0.27385 3.5763 0 0 0
210.8 -0.79311 0.7532 3.0248 0 0 0
211 -0.33279 1.6004 2.449 0 0 0
211.2 -0.31738 2.1927 2.1638 0 0 0
211.4 -0.17964 2.208 2.1879 0 0 0
211.6 -0.23421 2.3611 2.3089 0 0 0
211.8 -0.29434 2.3227 2.1627 0 0 0
212 -0.21833 2.3523 2.3279 0 0 0
212.2 -0.22439 2.3761 2.1563 0 0 0
212.4 -0.14129 2.3131 2.2235 0 0 0
212.6 -0.18465 2.2896 2.2041 0 0 0
212.8 -0.26111 2.2981 2.2616 0 0 0
213 -0.18527 2.3844 2.3048 0 0 0
213.2 -0.18762 2.3123 2.1891 0 0 0
213.4 -0.13725 2.3573 2.1846 0 0 0
213.6 -0.14023 2.285 2.1463 0 0 0
213.8 -0.24966 2.1909 2.1674 0 0 0
214 -0.2313 2.2357 2.2821 0 0 0
214.2 -0.15595 2.2969 2.312 0 0 0
214.4 -0.13208 2.2072 2.259 0 0 0
214.6 -0.14335 2.2818 2.2336 0 0 0
214.8 -0.21677 2.2218 2.2704 0 0 0
215 -0.1998 2.252 2.1391 0 0 0
215.2 -0.13175 2.209 2.3081 0 0 0
215.4 -0.28348 2.2726 2.2646 0 0 0
215.6 -0.24183 2.3307 2.1631 0 0 0
215.8 -0.26482 2.3405 2.2306 0 0 0
216 -0.1506 2.3724 2.2364 0 0 0
216.2 -0.30266 2.3383 2.2549 0 0 0
216.4 -0.26049 2.2534 2.323 0 0 0
216.6 -0.20569 2.363 2.2439 0 0 0
216.8 -0.19291 2.2921 2.2456 0 0 0
217 -0.23474 2.2404 2.3176 0 0 0
217.2 -0.26501 2.2206 2.1424 0 0 0
217.4 -0.23335 2.1959 2.2619 0 0 0
