0 0 0 0 0 0 0
0.2 -1.0876 -2.242 0.75785 0 0 0
0.4 -2.0076 -4.1329 1.3797 0 0 0
0.6 -2.1309 -5.3844 2.3026 0 0 0
0.8 -1.9547 -5.6099 2.6928 0 0 0
1 -1.113 -3.9648 2.1753 0 0 0
1.2 -0.17069 -1.7273 1.293 0 0 0
1.4 0.78813 -0.025434 0.86809 0 0 0
1.6 0.91966 0.88216 0.2349 0 0 0
1.8 0.97566 1.5187 -0.24724 0 0 0
2 1.5498 2.3607 -0.34209 0 0 0
2.2 1.6346 2.7949 -0.61411 0 0 0
2.4 1.6751 3.1437 -0.86745 0 0 0
2.6 1.6758 3.3999 -1.087 0 0 0
2.8 1.8623 3.9079 -1.3235 0 0 0
3 2.0762 4.1322 -1.2624 0 0 0
3.2 1.6168 3.8976 -1.6196 0 0 0
3.4 0.99046 2.3839 -1.0204 0 0 0
3.6 0.17642 0.012865 0.12648 0 0 0
3.8 -0.4723 -2.044 1.1926 0 0 0
4 -1.4286 -3.8538 1.6382 0 0 0
4.2 -1.7977 -4.9639 2.1695 0 0 0
4.4 -1.6331 -5.2389 2.6487 0 0 0
4.6 -0.71158 -3.7355 2.4635 0 0 0
4.8 0.095102 -1.9289 1.8244 0 0 0
5 1.2319 0.006456 1.5798 0 0 0
5.2 1.7387 1.2118 1.1459 0 0 0
5.4 1.9997 2.2556 0.56956 0 0 0
5.6 2.1019 2.9776 0.006722 0 0 0
5.8 2.1269 3.6568 -0.58062 0 0 0
6 2.1157 4.0735 -0.9932 0 0 0
6.2 1.8199 3.732 -1.148 0 0 0
6.4 1.7744 3.7769 -1.2646 0 0 0
6.6 1.8571 3.9621 -1.2623 0 0 0 
6.8 2.0019 4.1458 -1.1577 0 0 0
7 1.8954 4.2425 -1.4715 0 0 0
7.2 1.9621 4.6136 -1.7601 0 0 0
7.4 1.7925 4.6643 -2.1769 0 0 0
7.6 1.7327 4.781 -2.6165 0 0 0
7.8 1.7283 4.8598 -2.8751 0 0 0
8 1.8846 4.9605 -2.919 0 0 0
8.2 1.5705 3.6158 -1.7768 0 0 0
8.4 0.94848 1.3998 -0.63886 0 0 0
8.6 0.34441 -0.45355 0.57996 0 0 0
8.8 -0.29754 -2.0596 1.6383 0 0 0
9 -0.35246 -3.0038 1.9175 0 0 0
9.2 -0.008127 -2.4237 1.6324 0 0 0
9.4 0.14218 -0.58312 0.80382 0 0 0
9.6 0.25359 0.98942 -0.06463 0 0 0
9.8 0.64153 1.8901 -0.57139 0 0 0
10 1.1853 2.7638 -0.971 0 0 0
10.2 1.49 3.3423 -1.2953 0 0 0
10.4 2.0766 3.8206 -1.4099 0 0 0
10.6 2.6042 4.0175 -1.357 0 0 0
10.8 2.6058 3.7514 -1.1329 0 0 0
11 1.2295 1.5846 -0.28347 0 0 0
11.2 0.48054 -1.076 1.1431 0 0 0
11.4 -0.54762 -3.066 2.0247 0 0 0
11.6 -1.1456 -4.5632 2.7639 0 0 0
11.8 -1.1578 -5.3602 3.2877 0 0 0
12 -0.67321 -4.7039 3.0991 0 0 0
12.2 -0.58693 -2.7181 1.7767 0 0 0
12.4 -0.43827 -0.93527 0.59555 0 0 0
12.6 0.25041 0.46335 0.031243 0 0 0
12.8 0.63201 1.4242 -0.40755 0 0 0
13 0.96098 2.3882 -0.91582 0 0 0
13.2 1.4385 2.9022 -0.97404 0 0 0
13.4 1.4719 2.905 -0.9633 0 0 0
13.6 0.88458 1.4398 -0.26873 0 0 0
13.8 -0.66687 -0.96471 0.4266 0 0 0
14 -1.3809 -3.0799 1.4998 0 0 0
14.2 -1.7088 -4.8063 2.5136 0 0 0
14.4 -1.993 -5.295 2.6739 0 0 0
14.6 -1.8707 -4.9429 2.4734 0 0 0
14.8 -1.3142 -3.2186 1.589 0 0 0
15 -0.51723 -1.1057 0.5903 0 0 0
15.2 -0.14008 0.39386 -0.27953 0 0 0
15.4 0.093498 1.5207 -0.93092 0 0 0
15.6 0.54365 2.1383 -1.0763 0 0 0
15.8 1.0375 2.7072 -1.1204 0 0 0
16 0.8153 2.3906 -1.0595 0 0 0
16.2 0.30772 0.1599 0.26504 0 0 0
16.4 -0.45678 -2.4732 1.669 0 0 0
16.6 -1.499 -4.1168 2.1018 0 0 0
16.8 -2.0038 -5.4811 2.7373 0 0 0
17 -2.0193 -6.6583 3.6305 0 0 0
17.2 -2.58 -8.542 4.6151 0 0 0
17.4 -2.977 -9.1215 4.7237 0 0 0
17.6 -2.8957 -9.7416 5.2729 0 0 0
17.8 -4.1176 -13.099 6.8805 0 0 0
18 -5.2803 -15.795 7.9723 0 0 0
18.2 -6.3929 -19.253 9.7077 0 0 0
18.4 -6.7584 -20.118 10.063 0 0 0
18.6 -6.9876 -22.238 11.518 0 0 0
18.8 -7.0583 -22.536 11.698 0 0 0
19 -5.6494 -20.01 10.919 0 0 0
19.2 -2.6978 -19.291 12.907 0 0 0
19.4 -3.2578 -16.718 10.428 0 0 0
19.6 -2.4477 -10.672 6.3393 0 0 0
19.8 -3.1431 -9.5063 4.8377 0 0 0
20 -3.1677 -11.531 6.4224 0 0 0
20.2 -3.2541 -12.356 6.9904 0 0 0
20.4 -3.0653 -12.39 7.1654 0 0 0
20.6 -3.4413 -12.881 7.2218 0 0 0
20.8 -2.199 -10.705 6.572 0 0 0
21 -1.9658 -9.8401 6.0841 0 0 0
21.2 -1.8237 -9.6923 6.1087 0 0 0
21.4 -1.4324 -8.5858 5.5898 0 0 0
21.6 -0.80826 -6.8074 4.7361 0 0 0
21.8 -0.2218 -5.1687 3.9615 0 0 0
22 0.20075 -3.8039 3.2645 0 0 0
22.2 0.50987 -2.6126 2.5865 0 0 0
22.4 0.96012 -1.4614 2.0812 0 0 0
22.6 1.1438 -0.79348 1.722 0 0 0
22.8 1.3427 -0.29262 1.4929 0 0 0
23 1.3789 -0.18052 1.4523 0 0 0
23.2 1.4007 -0.19255 1.4989 0 0 0
23.4 0.98644 -0.96978 1.7479 0 0 0
23.6 -0.2035 -3.3025 2.5507 0 0 0
23.8 -1.2005 -6.1325 3.9115 0 0 0
24 -1.8211 -8.4948 5.2353 0 0 0
24.2 -1.9438 -9.2467 5.7182 0 0 0
24.4 -1.5411 -8.4237 5.4253 0 0 0
24.6 -1.1266 -7.2259 4.8472 0 0 0
24.8 -0.31481 -5.5715 4.2708 0 0 0
25 0.010683 -4.7149 3.8718 0 0 0
25.2 0.29682 -3.8882 3.4657 0 0 0
25.4 0.8295 -2.6035 2.9442 0 0 0
25.6 1.0882 -2.1572 2.8153 0 0 0
25.8 1.1344 -1.5327 2.3603 0 0 0
26 1.1327 -1.2844 2.1503 0 0 0
26.2 1.3415 -0.94865 2.0872 0 0 0
26.4 1.3224 -0.56208 1.7633 0 0 0
26.6 1.2364 -0.18457 1.3732 0 0 0
26.8 1.2649 0.2246 1.0711 0 0 0
27 1.299 0.22016 1.1031 0 0 0
27.2 1.0868 0.28475 0.85321 0 0 0
27.4 1.1033 0.32962 0.82268 0 0 0
27.6 1.2588 0.69537 0.68005 0 0 0
27.8 1.2489 0.82816 0.56894 0 0 0
28 1.1124 0.80524 0.45447 0 0 0
28.2 1.0451 0.9119 0.2864 0 0 0
28.4 0.83919 0.85702 0.14368 0 0 0
28.6 0.84793 0.7063 0.26555 0 0 0
28.8 0.91003 0.72263 0.3226 0 0 0
29 0.99771 0.82886 0.32886 0 0 0
29.2 0.98926 1.1157 0.080333 0 0 0
29.4 0.93727 1.1595 -0.011655 0 0 0
29.6 1.1608 1.397 0.015647 0 0 0
29.8 1.1551 1.4217 -0.003713 0 0 0
30 0.99669 1.495 -0.22949 0 0 0
30.2 1.0236 1.6073 -0.29317 0 0 0
30.4 1.234 1.9248 -0.34943 0 0 0
30.6 1.276 2.2599 -0.57641 0 0 0
30.8 1.1787 2.3085 -0.72353 0 0 0
31 1.2256 2.3575 -0.71584 0 0 0
31.2 0.70758 1.6429 -0.65797 0 0 0
31.4 0.21084 0.48484 -0.20522 0 0 0
31.6 -0.47968 -1.1091 0.42188 0 0 0
31.8 -0.74941 -2.0304 0.89796 0 0 0
32 -0.54246 -1.3859 0.5747 0 0 0
32.2 -0.30603 -0.63431 0.19371 0 0 0
32.4 -1.4427 -4.0764 5.6388 0 0 0
32.6 -1.001 -2.5922 4.9948 0 0 0
32.8 -0.53696 -0.74322 3.9481 0 0 0
33 -0.28456 0.14336 3.3476 0 0 0
33.2 -0.062587 0.98197 2.7354 0 0 0
33.4 -0.003771 1.4089 2.4448 0 0 0
33.6 0.24328 2.0791 2.304 0 0 0
33.8 0.24331 2.2722 2.3153 0 0 0
34 0.14261 2.0458 2.082 0 0 0
34.2 -0.23941 0.71629 2.8788 0 0 0
34.4 -0.80863 -1.1927 3.7407 0 0 0
34.6 -1.5448 -3.5285 4.6055 0 0 0
34.8 -2.1074 -5.5374 5.5134 0 0 0
35 -2.4828 -6.902 6.3982 0 0 0
35.2 -2.3108 -6.4062 6.1733 0 0 0
35.4 -1.8341 -4.7725 5.916 0 0 0
35.6 -1.274 -2.9562 5.3287 0 0 0
35.8 -0.87631 -1.3059 4.5901 0 0 0
36 -0.53676 -0.26489 4.0484 0 0 0
36.2 -0.3942 0.43054 3.3167 0 0 0
36.4 -0.22194 0.95882 2.9248 0 0 0
36.6 -0.017217 1.6563 2.487 0 0 0
36.8 0.051905 1.9792 2.4717 0 0 0
37 0.18531 2.3624 2.145 0 0 0
37.2 0.23816 2.4924 1.9203 0 0 0
37.4 0.2036 2.701 1.9479 0 0 0
37.6 -0.10583 1.5778 2.5659 0 0 0
37.8 -0.68256 -0.31812 3.2786 0 0 0
38 -1.2548 -2.3984 4.1093 0 0 0
38.2 -1.6464 -3.8702 4.9544 0 0 0
38.4 -2.0679 -5.2445 5.5215 0 0 0
38.6 -2.2654 -6.4577 5.5012 0 0 0
38.8 -1.9981 -5.3534 5.4449 0 0 0
39 -1.4116 -2.8031 5.0848 0 0 0
39.2 -0.99297 -1.2598 4.1807 0 0 0
39.4 -0.65397 -0.28632 3.5756 0 0 0
39.6 -0.49429 0.26524 3.0269 0 0 0
39.8 -0.21418 1.0944 2.6029 0 0 0
40 -0.03965 1.76 2.3942 0 0 0
40.2 0.13714 2.2272 1.941 0 0 0
40.4 0.19505 2.5604 1.9037 0 0 0
40.6 0.086483 2.4369 2.1438 0 0 0
40.8 -0.25329 1.21 2.5707 0 0 0
41 -0.87775 -1.1763 3.5343 0 0 0
41.2 -1.3432 -2.9778 4.2591 0 0 0
41.4 -1.7157 -4.275 4.8905 0 0 0
41.6 -1.8119 -4.8845 4.9118 0 0 0
41.8 -1.6356 -4.3167 4.6766 0 0 0
42 -1.188 -2.1729 4.1123 0 0 0
42.2 -0.88891 -0.90158 3.6989 0 0 0
42.4 -0.5401 0.18545 3.0221 0 0 0
42.6 -0.3341 0.9219 2.6678 0 0 0
42.8 -0.12996 1.8296 2.3853 0 0 0
43 0.035039 2.2501 2.0389 0 0 0
43.2 0.18231 2.8738 1.7933 0 0 0
43.4 0.28312 3.0554 1.5812 0 0 0
43.6 0.35958 3.2935 1.4596 0 0 0
43.8 0.30028 2.9258 1.499 0 0 0
44 0.34108 2.7993 1.3963 0 0 0
44.2 0.36293 2.7765 1.3781 0 0 0
44.4 0.48794 2.8804 1.1016 0 0 0
44.6 0.54978 2.9632 1.023 0 0 0
44.8 0.7074 3.0709 0.7371 0 0 0
45 0.79416 3.3846 0.60413 0 0 0
45.2 0.90983 3.4431 0.41937 0 0 0
45.4 0.93973 3.5177 0.37019 0 0 0
45.6 1.1025 3.3831 0.14512 0 0 0
45.8 1.1814 3.6971 0.060875 0 0 0
46 0.97406 3.512 0.42573 0 0 0
46.2 0.46222 2.2701 1.3527 0 0 0
46.4 -0.062143 0.21419 2.2988 0 0 0
46.6 -0.7548 -1.2912 3.4031 0 0 0
46.8 -1.1642 -2.8839 4.1335 0 0 0
47 -1.3586 -4.2933 4.5271 0 0 0
47.2 -1.269 -4.061 4.3778 0 0 0
47.4 -0.93749 -2.0979 3.7261 0 0 0
47.6 -0.62529 -0.30186 3.048 0 0 0
47.8 -0.39335 0.54974 2.6366 0 0 0
48 -0.14161 1.5113 2.1679 0 0 0
48.2 0.13514 1.9912 1.7837 0 0 0
48.4 0.42715 2.2971 1.3951 0 0 0
48.6 0.52825 2.5747 1.2075 0 0 0
48.8 0.78409 3.0043 0.91853 0 0 0
49 0.74254 3.0315 0.98455 0 0 0
49.2 0.39383 2.3175 1.5565 0 0 0
49.4 -0.078291 0.80292 2.3838 0 0 0
49.6 -0.84428 -0.59013 3.3995 0 0 0
49.8 -1.4758 -2.046 4.3687 0 0 0
50 -1.8479 -3.0184 4.8445 0 0 0
50.2 -1.9594 -4.1807 5.1922 0 0 0
50.4 -2.0876 -3.879 5.2237 0 0 0
50.6 -1.6982 -1.8035 4.3192 0 0 0
50.8 -1.1657 -0.18148 3.4301 0 0 0
51 -0.85234 0.88122 2.8385 0 0 0
51.2 -0.45854 1.6614 2.3532 0 0 0
51.4 -0.3167 2.1869 2.1301 0 0 0
51.6 -0.034706 2.3627 1.8249 0 0 0
51.8 0.09264 2.8822 1.6351 0 0 0
52 -0.18165 2.6597 1.8659 0 0 0
52.2 -0.55296 0.89777 2.6894 0 0 0
52.4 -1.0828 -1.5283 3.798 0 0 0
52.6 -1.4679 -3.4339 4.632 0 0 0
52.8 -2.0046 -4.6937 5.362 0 0 0
53 -1.9075 -6.0555 5.7409 0 0 0
53.2 -1.7987 -6.0832 5.7578 0 0 0
53.4 -1.3592 -3.7911 4.6715 0 0 0
53.6 -0.96152 -1.6889 3.7144 0 0 0
53.8 -0.69205 -0.44427 3.1354 0 0 0
54 -0.67884 0.70711 2.6648 0 0 0
54.2 -0.26231 1.753 2.1625 0 0 0
54.4 -0.27638 2.4102 1.785 0 0 0
54.6 -0.046386 2.6525 1.6411 0 0 0
54.8 -0.21208 2.9732 1.5087 0 0 0
55 -0.39654 2.979 1.5426 0 0 0
55.2 -0.78418 0.9768 2.5205 0 0 0
55.4 -1.3063 -1.5159 3.6718 0 0 0
55.6 -1.716 -3.3747 4.5467 0 0 0
55.8 -2.0724 -4.5488 5.1281 0 0 0
56 -2.2385 -5.6157 5.7705 0 0 0
56.2 -1.968 -5.1038 5.4606 0 0 0
56.4 -1.2613 -2.9285 4.3706 0 0 0
56.6 -0.70437 -0.9312 3.3405 0 0 0
56.8 -0.50543 0.28091 2.7204 0 0 0
57 -0.23362 1.0656 2.3359 0 0 0
57.2 0.052356 1.8622 2.0083 0 0 0
57.4 0.26402 2.2519 1.8286 0 0 0
57.6 0.24637 2.3736 1.7651 0 0 0
57.8 0.27476 2.6958 1.6366 0 0 0
58 0.046743 2.5606 1.5142 0 0 0
58.2 -0.47525 1.6166 1.7934 0 0 0
58.4 -0.9247 -0.28067 2.7637 0 0 0
58.6 -1.5895 -2.0724 3.5855 0 0 0
58.8 -1.8566 -3.3691 4.3449 0 0 0
59 -2.1342 -4.3853 4.855 0 0 0
59.2 -1.9377 -3.9386 4.6491 0 0 0
59.4 -1.341 -2.3608 3.9188 0 0 0
59.6 -0.47295 -0.43407 3.3219 0 0 0
59.8 -0.22277 0.77323 2.6289 0 0 0
60 -0.035487 1.6727 2.0625 0 0 0
60.2 0.026212 2.043 1.9132 0 0 0
60.4 0.31991 2.6626 1.6636 0 0 0
60.6 0.55322 2.8101 1.8422 0 0 0
60.8 0.51709 2.9353 1.7029 0 0 0
61 0.47875 2.9666 1.5957 0 0 0
61.2 0.10273 2.2275 1.87 0 0 0
61.4 -0.58743 0.20748 2.6004 0 0 0
61.6 -1.296 -2.2175 3.9552 0 0 0
61.8 -1.7395 -3.865 4.7015 0 0 0
62 -2.0896 -4.9482 5.3409 0 0 0
62.2 -2.1487 -5.076 5.2406 0 0 0
62.4 -1.6776 -3.6982 4.5084 0 0 0
62.6 -0.80787 -1.1699 3.7563 0 0 0
62.8 -0.33865 0.3138 3.0324 0 0 0
63 -0.16209 1.4108 2.2303 0 0 0
63.2 0.050285 1.9321 2.1001 0 0 0
63.4 0.22969 2.4253 1.8872 0 0 0
63.6 0.31976 2.8272 1.3728 0 0 0
63.8 0.39807 3.0722 1.3812 0 0 0
64 0.37139 2.942 1.3766 0 0 0
64.2 0.32945 3.0636 1.3389 0 0 0
64.4 -0.15251 1.5105 2.013 0 0 0
64.6 -0.80749 -0.49853 2.4603 0 0 0
64.8 -1.3735 -2.613 3.4711 0 0 0
65 -1.7787 -3.8629 4.1071 0 0 0
65.2 -1.8839 -4.3992 4.2021 0 0 0
65.4 -2.179 -4.6923 1.7467 0 0 0
65.6 -2.0982 -4.8302 1.947 0 0 0
65.8 -1.1715 -3.264 1.5634 0 0 0
66 -0.48294 -1.3233 0.64135 0 0 0
66.2 0.42811 0.29152 0.21442 0 0 0
66.4 0.70801 1.1619 -0.23887 0 0 0
66.6 0.70837 1.6634 -0.66256 0 0 0
66.8 0.83799 2.0064 -0.81235 0 0 0
67 1.3453 3.0228 -1.1423 0 0 0
67.2 1.5155 3.5455 -1.4091 0 0 0
67.4 1.4979 3.8759 -1.7041 0 0 0
67.6 -1.028 -2.0305 0.63959 0 0 0
67.8 -1.9331 -3.9751 1.3247 0 0 0
68 -2.1187 -5.2965 2.2424 0 0 0
68.2 -2.0319 -5.6595 2.6518 0 0 0
68.4 -1.2114 -4.1685 2.2427 0 0 0
68.6 -0.32112 -1.919 1.2942 0 0 0
68.8 0.75928 -0.1322 0.92476 0 0 0
69 0.91133 0.77473 0.32288 0 0 0
69.2 0.99919 1.4774 -0.18391 0 0 0
69.4 1.505 2.2843 -0.32815 0 0 0
69.6 1.625 2.7701 -0.60346 0 0 0
69.8 1.6692 3.1227 -0.85616 0 0 0
70 1.6803 3.4166 -1.0981 0 0 0
70.2 1.7977 3.7996 -1.3044 0 0 0
70.4 2.0705 4.1234 -1.2645 0 0 0
70.6 1.6694 3.9946 -1.6416 0 0 0
70.8 1.0789 2.5852 -1.094 0 0 0
71 0.31105 0.26213 0.068093 0 0 0
71.2 -0.41558 -1.8843 1.1181 0 0 0
71.4 -1.3047 -3.6644 1.6172 0 0 0
71.6 -1.7959 -4.8825 2.0975 0 0 0
71.8 -1.6803 -5.2709 2.6178 0 0 0
72 -0.81914 -3.933 2.5018 0 0 0
72.2 -0.013369 -2.0914 1.8347 0 0 0
72.4 1.1107 -0.17468 1.5801 0 0 0
72.6 1.7207 1.1281 1.1969 0 0 0
72.8 1.9782 2.1729 0.61643 0 0 0
73 2.0773 2.8688 0.071926 0 0 0
73.2 2.1724 3.6559 -0.50328 0 0 0
73.4 2.102 4.0179 -0.96364 0 0 0
73.6 1.8336 3.7823 -1.1685 0 0 0
73.8 1.7671 3.7395 -1.2367 0 0 0
74 1.8285 3.9597 -1.3133 0 0 0
74.2 2.0136 4.1401 -1.1267 0 0 0
74.4 1.903 4.241 -1.4411 0 0 0
74.6 1.9878 4.631 -1.7249 0 0 0
74.8 1.7978 4.6298 -2.1291 0 0 0
75 1.7336 4.7795 -2.5953 0 0 0
75.2 1.7093 4.8192 -2.8331 0 0 0
75.4 1.8923 5.0125 -2.9672 0 0 0
75.6 1.6258 3.8136 -1.8604 0 0 0
75.8 1.0086 1.6162 -0.74806 0 0 0
76 0.40597 -0.2805 0.46536 0 0 0
76.2 -0.25681 -1.923 1.5683 0 0 0
76.4 -0.36946 -2.9624 1.911 0 0 0
76.6 -0.031876 -2.572 1.6752 0 0 0
76.8 0.14146 -0.76669 0.89551 0 0 0
77 0.21096 0.82005 0.026956 0 0 0
77.2 0.61025 1.8119 -0.52907 0 0 0
77.4 1.1384 2.6642 -0.91902 0 0 0
77.6 1.4484 3.3026 -1.2906 0 0 0
77.8 1.9894 3.781 -1.4048 0 0 0
78 2.5311 4.032 -1.4038 0 0 0
78.2 2.6777 3.8526 -1.1755 0 0 0
78.4 1.3532 1.8423 -0.3998 0 0 0
78.6 0.54199 -0.81516 0.99713 0 0 0
78.8 -0.38361 -2.9185 2.0023 0 0 0
79 -1.1187 -4.4345 2.6905 0 0 0
79.2 -1.2479 -5.2767 3.1821 0 0 0
79.4 -0.71606 -4.8795 3.199 0 0 0
79.6 -0.56512 -2.9358 1.9404 0 0 0
79.8 -0.46299 -1.1357 0.7261 0 0 0
80 0.18257 0.3489 0.067671 0 0 0
80.2 0.5967 1.3103 -0.34748 0 0 0
80.4 0.97325 2.3253 -0.85665 0 0 0
80.6 1.4301 2.8356 -0.92862 0 0 0
80.8 1.5329 2.9559 -0.96099 0 0 0
81 1.0008 1.6826 -0.36468 0 0 0
81.2 -0.55059 -0.70277 0.31464 0 0 0
81.4 -1.3321 -2.8397 1.3524 0 0 0
81.6 -1.6592 -4.6946 2.4684 0 0 0
81.8 -1.9899 -5.254 2.6468 0 0 0
82 -1.8904 -5.1025 2.5805 0 0 0
82.2 -1.3766 -3.4272 1.7019 0 0 0
82.4 -0.59167 -1.3721 0.73378 0 0 0
82.6 -0.14546 0.26036 -0.18224 0 0 0
82.8 0.042977 1.442 -0.91109 0 0 0
83 0.53239 2.0659 -1.0308 0 0 0
83.2 1.0625 2.6489 -1.0596 0 0 0
83.4 0.80756 2.521 -1.1668 0 0 0
83.6 0.36068 0.44264 0.088678 0 0 0
83.8 -0.40725 -2.2309 1.5239 0 0 0
84 -1.3957 -3.9675 2.0678 0 0 0
84.2 -1.9633 -5.3785 2.6942 0 0 0
84.4 -1.997 -6.543 3.5604 0 0 0
84.6 -2.4896 -8.3109 4.5156 0 0 0
84.8 -2.9923 -9.1413 4.7299 0 0 0
85 -2.8587 -9.5057 5.1207 0 0 0
85.2 -3.9299 -12.851 6.8392 0 0 0
85.4 -5.1431 -15.485 7.8639 0 0 0
85.6 -6.2871 -19.017 9.611 0 0 0
85.8 -6.7415 -20.095 10.068 0 0 0
86 -6.9485 -22.096 11.436 0 0 0
86.2 -7.0535 -22.447 11.629 0 0 0
86.4 -6.0903 -20.861 11.21 0 0 0
86.6 -2.7145 -18.594 12.335 0 0 0
86.8 -3.2012 -17.451 11.053 0 0 0
87 -2.4806 -11.002 6.5738 0 0 0
87.2 -3.15 -9.4888 4.8148 0 0 0
87.4 -3.1665 -11.31 6.2516 0 0 0
87.6 -3.2691 -12.392 7.0069 0 0 0
87.8 -3.0013 -12.272 7.1316 0 0 0
88 -3.4749 -12.96 7.2492 0 0 0
88.2 -2.2867 -10.911 6.6585 0 0 0
88.4 -1.9664 -9.8467 6.0883 0 0 0
88.6 -1.8453 -9.7637 6.1442 0 0 0
88.8 -1.5365 -8.7247 5.6113 0 0 0
89 -0.86446 -7.0444 4.8736 0 0 0
89.2 -0.30438 -5.2874 3.9812 0 0 0
89.4 0.18453 -3.9545 3.3687 0 0 0
89.6 0.4799 -2.7244 2.647 0 0 0
89.8 0.95121 -1.5617 2.1516 0 0 0
90 1.157 -0.87315 1.8003 0 0 0
90.2 1.3316 -0.31281 1.4996 0 0 0
90.4 1.3366 -0.2011 1.4324 0 0 0
90.6 1.4237 -0.1634 1.4944 0 0 0
90.8 1.0769 -0.79891 1.6899 0 0 0
91 -0.085697 -3.0654 2.4716 0 0 0
91.2 -1.1146 -5.8345 3.7515 0 0 0
91.4 -1.8063 -8.3368 5.1225 0 0 0
91.6 -1.9594 -9.2606 5.7151 0 0 0
91.8 -1.5673 -8.5435 5.4966 0 0 0
92 -1.1605 -7.3457 4.914 0 0 0
92.2 -0.32814 -5.6912 4.3565 0 0 0
92.4 -0.052527 -4.8148 3.8963 0 0 0
92.6 0.26347 -3.972 3.5043 0 0 0
92.8 0.75593 -2.7078 2.9591 0 0 0
93 1.1133 -2.2564 2.9175 0 0 0
93.2 1.1375 -1.5528 2.3795 0 0 0
93.4 1.1533 -1.3842 2.2549 0 0 0
93.6 1.37 -0.96961 2.1313 0 0 0
93.8 1.3173 -0.60824 1.7943 0 0 0
94 1.2391 -0.20463 1.3916 0 0 0
94.2 1.2608 0.23121 1.0631 0 0 0
94.4 1.2787 0.16039 1.1318 0 0 0
94.6 1.1341 0.30461 0.88006 0 0 0
94.8 1.0662 0.29 0.81923 0 0 0
95 1.2589 0.68179 0.69259 0 0 0
95.2 1.2395 0.80253 0.57893 0 0 0
95.4 1.1332 0.80553 0.47566 0 0 0
95.6 1.0863 0.97166 0.27797 0 0 0
95.8 0.86715 0.81822 0.20466 0 0 0
96 0.8784 0.71208 0.29056 0 0 0
96.2 0.89237 0.70303 0.32144 0 0 0
96.4 0.99634 0.81222 0.34049 0 0 0
96.6 0.99429 1.1359 0.068847 0 0 0
96.8 0.93026 1.1599 -0.018776 0 0 0
97 1.1335 1.3656 0.016363 0 0 0
97.2 1.1514 1.4102 0.000883 0 0 0
97.4 1.0155 1.5026 -0.21555 0 0 0
97.6 0.98149 1.5126 -0.25766 0 0 0
97.8 1.2486 1.9049 -0.32023 0 0 0
98 1.2424 2.2008 -0.56205 0 0 0
98.2 1.1959 2.2941 -0.69255 0 0 0
98.4 1.2375 2.3802 -0.72358 0 0 0
98.6 0.75194 1.6786 -0.64116 0 0 0
98.8 0.24852 0.60487 -0.26597 0 0 0
99 -0.41066 -0.94916 0.3632 0 0 0
99.2 -0.73971 -1.9842 0.87076 0 0 0
99.4 -0.5661 -1.4611 0.6128 0 0 0
99.6 -0.32967 -0.70948 0.23181 0 0 0
99.8 -1.4692 -4.1303 5.573 0 0 0
100 -1.0679 -2.7508 5.0685 0 0 0
100.2 -0.60738 -0.88447 3.9845 0 0 0
100.4 -0.3036 0.078416 3.3942 0 0 0
100.6 -0.083601 0.92037 2.7541 0 0 0
100.8 -0.01023 1.3735 2.4832 0 0 0
101 0.21404 2.0083 2.3572 0 0 0
101.2 0.23329 2.2368 2.3703 0 0 0
101.4 0.1664 2.1 2.0986 0 0 0
101.6 -0.17195 0.91009 2.7735 0 0 0
101.8 -0.74298 -0.97013 3.6433 0 0 0
102 -1.4949 -3.3142 4.4882 0 0 0
102.2 -2.0815 -5.3974 5.4602 0 0 0
102.4 -2.4694 -6.7968 6.2652 0 0 0
102.6 -2.352 -6.5113 6.1935 0 0 0
102.8 -1.8848 -4.9469 5.9578 0 0 0
103 -1.3113 -3.084 5.3801 0 0 0
103.2 -0.92756 -1.4643 4.6299 0 0 0
103.4 -0.54083 -0.31825 4.1197 0 0 0
103.6 -0.41356 0.37707 3.3944 0 0 0
103.8 -0.23851 0.91096 2.9704 0 0 0
104 -0.039473 1.5813 2.5223 0 0 0
104.2 0.021127 1.917 2.5577 0 0 0
104.4 0.17051 2.3263 2.1929 0 0 0
104.6 0.24475 2.5271 1.9444 0 0 0
104.8 0.22809 2.745 1.9008 0 0 0
105 -0.067471 1.7343 2.485 0 0 0
105.2 -0.6217 -0.099162 3.2173 0 0 0
105.4 -1.2175 -2.2744 4.0814 0 0 0
105.6 -1.6271 -3.7472 4.9067 0 0 0
105.8 -2.0215 -5.1039 5.4551 0 0 0
106 -2.2582 -6.4056 5.5317 0 0 0
106.2 -2.0512 -5.5698 5.5033 0 0 0
106.4 -1.4571 -3.0122 5.1023 0 0 0
106.6 -1.0163 -1.3841 4.1991 0 0 0
106.8 -0.68996 -0.37592 3.6594 0 0 0
107 -0.52241 0.16521 3.0767 0 0 0
107.2 -0.2431 0.99428 2.6381 0 0 0
107.4 -0.053567 1.7299 2.4265 0 0 0
107.6 0.12741 2.1895 1.9658 0 0 0
107.8 0.18693 2.5063 1.9078 0 0 0
108 0.11298 2.5248 2.1162 0 0 0
108.2 -0.21559 1.3611 2.5114 0 0 0
108.4 -0.82041 -0.94799 3.4616 0 0 0
108.6 -1.2983 -2.8293 4.1748 0 0 0
108.8 -1.6934 -4.1867 4.8221 0 0 0
109 -1.7943 -4.832 4.8735 0 0 0
109.2 -1.6687 -4.4636 4.7006 0 0 0
109.4 -1.2348 -2.4013 4.1661 0 0 0
109.6 -0.92319 -1.0039 3.771 0 0 0
109.8 -0.57452 0.076643 3.0864 0 0 0
110 -0.35459 0.88438 2.703 0 0 0
110.2 -0.12356 1.8282 2.3658 0 0 0
110.4 0.023619 2.2084 2.0603 0 0 0
110.6 0.17426 2.8094 1.8024 0 0 0
110.8 0.27136 3.0439 1.6101 0 0 0
111 0.3708 3.2922 1.4314 0 0 0
111.2 0.28698 2.9421 1.5394 0 0 0
111.4 0.34501 2.7643 1.383 0 0 0
111.6 0.36281 2.7802 1.3798 0 0 0
111.8 0.48187 2.8676 1.113 0 0 0
112 0.52198 2.9615 1.0763 0 0 0
112.2 0.69059 3.0331 0.76397 0 0 0
112.4 0.76382 3.2921 0.65882 0 0 0
112.6 0.90952 3.4557 0.41998 0 0 0
112.8 0.92296 3.515 0.3965 0 0 0
113 1.0946 3.3859 0.15401 0 0 0
113.2 1.1714 3.7136 0.073194 0 0 0
113.4 1.0218 3.5647 0.34023 0 0 0
113.6 0.52948 2.4704 1.2311 0 0 0
113.8 -0.007176 0.39053 2.2019 0 0 0
114 -0.70287 -1.1168 3.3136 0 0 0
114.2 -1.1271 -2.7381 4.0625 0 0 0
114.4 -1.361 -4.2027 4.5197 0 0 0
114.6 -1.2823 -4.191 4.4103 0 0 0
114.8 -0.9858 -2.2681 3.8101 0 0 0
115 -0.66645 -0.44725 3.1199 0 0 0
115.2 -0.40742 0.47432 2.6682 0 0 0
115.4 -0.17154 1.4171 2.2275 0 0 0
115.6 0.11107 1.9707 1.8188 0 0 0
115.8 0.4001 2.2947 1.4209 0 0 0
116 0.51396 2.5675 1.2241 0 0 0
116.2 0.77281 2.97 0.93504 0 0 0
116.4 0.78093 3.0294 0.94567 0 0 0
116.6 0.40367 2.4835 1.5085 0 0 0
116.8 0.00933 0.94994 2.273 0 0 0
117 -0.7576 -0.43972 3.2797 0 0 0
117.2 -1.4348 -1.9317 4.2999 0 0 0
117.4 -1.8225 -2.9 4.801 0 0 0
117.6 -1.9648 -4.1226 5.1892 0 0 0
117.8 -2.0814 -4.0119 5.2466 0 0 0
118 -1.7717 -2.0493 4.4543 0 0 0
118.2 -1.2121 -0.29095 3.4976 0 0 0
118.4 -0.8897 0.76663 2.9033 0 0 0
118.6 -0.48815 1.6182 2.3839 0 0 0
118.8 -0.32672 2.1664 2.1422 0 0 0
119 -0.051835 2.3233 1.8746 0 0 0
119.2 0.044064 2.7961 1.6862 0 0 0
119.4 -0.13537 2.7577 1.8087 0 0 0
119.6 -0.47725 1.0858 2.5852 0 0 0
119.8 -1.0406 -1.2794 3.6796 0 0 0
120 -1.3949 -3.3017 4.5446 0 0 0
120.2 -1.9415 -4.5804 5.3005 0 0 0
120.4 -1.9109 -5.9098 5.6996 0 0 0
120.6 -1.8149 -6.209 5.8112 0 0 0
120.8 -1.4436 -4.0265 4.8108 0 0 0
121 -1.0169 -1.8622 3.7993 0 0 0
121.2 -0.7101 -0.54152 3.1655 0 0 0
121.4 -0.68125 0.60813 2.7113 0 0 0
121.6 -0.29047 1.6689 2.1949 0 0 0
121.8 -0.27682 2.3677 1.8042 0 0 0
122 -0.059307 2.6144 1.6514 0 0 0
122.2 -0.14685 2.8942 1.5166 0 0 0
122.4 -0.34 3.0541 1.5075 0 0 0
122.6 -0.74954 1.2424 2.3919 0 0 0
122.8 -1.2582 -1.2833 3.5674 0 0 0
123 -1.7054 -3.2295 4.4816 0 0 0
123.2 -2.071 -4.4129 5.0695 0 0 0
123.4 -2.223 -5.5188 5.737 0 0 0
123.6 -1.9904 -5.2623 5.5281 0 0 0
123.8 -1.3617 -3.1703 4.5006 0 0 0
124 -0.7105 -1.0809 3.4216 0 0 0
124.2 -0.53162 0.19455 2.7721 0 0 0
124.4 -0.32118 1.0259 2.334 0 0 0
124.6 -0.002718 1.7834 2.0449 0 0 0
124.8 0.23577 2.2442 1.8196 0 0 0
125 0.24336 2.3662 1.7654 0 0 0
125.2 0.32588 2.6978 1.6642 0 0 0
125.4 0.064219 2.5981 1.4867 0 0 0
125.6 -0.38422 1.7919 1.7351 0 0 0
125.8 -0.88559 -0.065913 2.66 0 0 0
126 -1.4984 -1.927 3.5485 0 0 0
126.2 -1.8334 -3.2317 4.2578 0 0 0
126.4 -2.1352 -4.3533 4.8267 0 0 0
126.6 -1.9913 -4.0378 4.6645 0 0 0
126.8 -1.3956 -2.5587 4.0411 0 0 0
127 -0.51059 -0.57295 3.3864 0 0 0
127.2 -0.24231 0.66606 2.7043 0 0 0
127.4 -0.078917 1.6335 2.0369 0 0 0
127.6 -0.025085 1.9836 1.891 0 0 0
127.8 0.29151 2.6613 1.6265 0 0 0
128 0.55663 2.7702 1.8739 0 0 0
128.2 0.52254 2.9249 1.7115 0 0 0
128.4 0.48859 2.9462 1.6197 0 0 0
128.6 0.15504 2.4096 1.791 0 0 0
128.8 -0.51402 0.46431 2.4399 0 0 0
129 -1.237 -1.9794 3.7831 0 0 0
129.2 -1.7313 -3.746 4.5829 0 0 0
129.4 -2.0598 -4.8635 5.3254 0 0 0
129.6 -2.17 -5.1224 5.2382 0 0 0
129.8 -1.7561 -3.9323 4.6287 0 0 0
130 -0.88233 -1.3901 3.7635 0 0 0
130.2 -0.36208 0.19431 3.1242 0 0 0
130.4 -0.18464 1.3247 2.2926 0 0 0
130.6 0.03712 1.8825 2.1379 0 0 0
130.8 0.21715 2.381 1.9217 0 0 0
131 0.31282 2.8273 1.3915 0 0 0
131.2 0.38176 3.0523 1.4035 0 0 0
131.4 0.36139 2.958 1.403 0 0 0
131.6 0.35447 3.1051 1.3379 0 0 0
131.8 -0.098325 1.6849 1.9524 0 0 0
132 -0.75048 -0.26097 2.3363 0 0 0
132.2 -1.3074 -2.413 3.366 0 0 0
132.4 -1.7369 -3.7226 4.0356 0 0 0
132.6 -1.9097 -4.4345 4.231 0 0 0
132.8 -2.1615 -4.5681 1.6631 0 0 0
133 -2.0983 -4.9007 2.0037 0 0 0
133.2 -1.3144 -3.4407 1.5666 0 0 0
133.4 -0.53023 -1.4919 0.73365 0 0 0
133.6 0.33804 0.17837 0.21712 0 0 0
133.8 0.69191 1.1279 -0.22685 0 0 0
134 0.72001 1.6454 -0.63705 0 0 0
134.2 0.80457 1.9881 -0.83272 0 0 0
134.4 1.258 2.9157 -1.1421 0 0 0
134.6 1.5111 3.5217 -1.3922 0 0 0
134.8 1.527 3.8993 -1.6935 0 0 0
135 -0.93675 -1.819 0.55467 0 0 0
135.2 -1.8538 -3.8137 1.272 0 0 0
135.4 -2.1066 -5.2086 2.1822 0 0 0
135.6 -2.1282 -5.6772 2.5618 0 0 0
135.8 -1.3411 -4.3665 2.2729 0 0 0
136 -0.45288 -2.1344 1.3356 0 0 0
136.2 0.71669 -0.26127 0.98731 0 0 0
136.4 0.90301 0.6673 0.41087 0 0 0
136.6 1.0326 1.4418 -0.1147 0 0 0
136.8 1.4327 2.1957 -0.33429 0 0 0
137 1.6108 2.7392 -0.59259 0 0 0
137.2 1.6645 3.0899 -0.8333 0 0 0
137.4 1.6845 3.4242 -1.1014 0 0 0
137.6 1.733 3.6912 -1.2853 0 0 0
137.8 2.0473 4.1224 -1.2961 0 0 0
138 1.7163 4.0733 -1.6535 0 0 0
138.2 1.1528 2.7686 -1.1694 0 0 0
138.4 0.42031 0.5111 -0.022008 0 0 0
138.6 -0.35901 -1.7244 1.0432 0 0 0
138.8 -1.174 -3.4684 1.5981 0 0 0
139 -1.7735 -4.7775 2.0313 0 0 0
139.2 -1.6944 -5.2671 2.5953 0 0 0
139.4 -0.92127 -4.1304 2.5479 0 0 0
139.6 -0.11213 -2.2567 1.861 0 0 0
139.8 0.98941 -0.35581 1.5804 0 0 0
140 1.6988 1.0546 1.2321 0 0 0
140.2 1.9317 2.0843 0.62727 0 0 0
140.4 2.0506 2.7837 0.11244 0 0 0
140.6 2.2009 3.6381 -0.44011 0 0 0
140.8 2.0882 3.9622 -0.9341 0 0 0
141 1.8472 3.8342 -1.1901 0 0 0
141.2 1.7567 3.7022 -1.211 0 0 0
141.4 1.8106 3.9575 -1.3466 0 0 0
141.6 2.0201 4.1223 -1.0978 0 0 0
141.8 1.9111 4.2361 -1.4105 0 0 0
142 2.0136 4.6484 -1.6898 0 0 0
142.2 1.8035 4.5923 -2.081 0 0 0
142.4 1.7423 4.7784 -2.5532 0 0 0
142.6 1.7084 4.7969 -2.7841 0 0 0
142.8 1.8935 5.0462 -2.998 0 0 0
143 1.6794 4.0077 -1.9498 0 0 0
143.2 1.0686 1.8329 -0.85698 0 0 0
143.4 0.46652 -0.11793 0.35012 0 0 0
143.6 -0.19681 -1.7924 1.4747 0 0 0
143.8 -0.3779 -2.9089 1.897 0 0 0
144 -0.061134 -2.7041 1.718 0 0 0
144.2 0.14074 -0.95025 0.98721 0 0 0
144.4 0.16871 0.63608 0.12614 0 0 0
144.6 0.57765 1.7217 -0.47772 0 0 0
144.8 1.0734 2.5582 -0.86885 0 0 0
145 1.4122 3.2636 -1.2778 0 0 0
145.2 1.9056 3.7396 -1.3984 0 0 0
145.4 2.4579 4.0465 -1.4506 0 0 0
145.6 2.7338 3.9254 -1.2066 0 0 0
145.8 1.5096 2.1004 -0.50013 0 0 0
146 0.60887 -0.54789 0.85098 0 0 0
146.2 -0.23476 -2.7618 1.9652 0 0 0
146.4 -1.0918 -4.3057 2.6172 0 0 0
146.6 -1.3455 -5.1855 3.0678 0 0 0
146.8 -0.78062 -5.0489 3.2853 0 0 0
147 -0.56561 -3.1471 2.0876 0 0 0
147.2 -0.50003 -1.3114 0.83198 0 0 0
147.4 0.11086 0.23448 0.10192 0 0 0
147.6 0.56139 1.1965 -0.28742 0 0 0
147.8 1.0097 2.2503 -0.77134 0 0 0
148 1.3957 2.762 -0.89881 0 0 0
148.2 1.5422 2.9996 -0.98904 0 0 0
148.4 1.0859 1.9037 -0.46807 0 0 0
148.6 -0.4338 -0.44105 0.2032 0 0 0
148.8 -1.2791 -2.5967 1.2054 0 0 0
149 -1.591 -4.5636 2.424 0 0 0
149.2 -1.9613 -5.2251 2.6462 0 0 0
149.4 -1.9022 -5.2242 2.6654 0 0 0
149.6 -1.4407 -3.627 1.8062 0 0 0
149.8 -0.66611 -1.6385 0.87726 0 0 0
150 -0.15534 0.1269 -0.087483 0 0 0
150.2 -0.013729 1.3508 -0.88719 0 0 0
150.4 0.49851 1.9996 -1.0044 0 0 0
150.6 1.0413 2.596 -1.0369 0 0 0
150.8 0.80157 2.6473 -1.2693 0 0 0
151 0.41084 0.72698 -0.091246 0 0 0
151.2 -0.36644 -1.9464 1.3391 0 0 0
151.4 -1.2665 -3.8054 2.0443 0 0 0
151.6 -1.925 -5.2567 2.6339 0 0 0
151.8 -1.9856 -6.4243 3.4782 0 0 0
152 -2.3992 -8.0798 4.4161 0 0 0
152.2 -3.0016 -9.1613 4.7422 0 0 0
152.4 -2.8333 -9.3605 5.0302 0 0 0
152.6 -3.7522 -12.564 6.7617 0 0 0
152.8 -5.0363 -15.18 7.7301 0 0 0
153 -6.1817 -18.768 9.5034 0 0 0
153.2 -6.7244 -20.075 10.075 0 0 0
153.4 -6.8879 -21.896 11.325 0 0 0
153.6 -7.0364 -22.399 11.601 0 0 0
153.8 -6.4087 -21.514 11.453 0 0 0
154 -2.7934 -18.025 11.812 0 0 0
154.2 -3.1446 -18.183 11.678 0 0 0
154.4 -2.5438 -11.356 6.8013 0 0 0
154.6 -3.1449 -9.517 4.8364 0 0 0
154.8 -3.1498 -11.043 6.0557 0 0 0
155 -3.2663 -12.394 7.0114 0 0 0
155.2 -2.9503 -12.169 7.0982 0 0 0
155.4 -3.5085 -13.039 7.2765 0 0 0
155.6 -2.3818 -11.149 6.7626 0 0 0
155.8 -1.9498 -9.8865 6.1353 0 0 0
156 -1.8593 -9.8219 6.1766 0 0 0
156.2 -1.6187 -8.8585 5.6466 0 0 0
156.4 -0.92066 -7.2814 5.011 0 0 0
156.6 -0.38843 -5.406 3.9994 0 0 0
156.8 0.1766 -4.1116 3.4838 0 0 0
157 0.4488 -2.8297 2.7025 0 0 0
157.2 0.91902 -1.6688 2.2074 0 0 0
157.4 1.1628 -0.9477 1.8671 0 0 0
157.6 1.3204 -0.333 1.5064 0 0 0
157.8 1.2805 -0.22179 1.4008 0 0 0
158 1.424 -0.14078 1.4733 0 0 0
158.2 1.1324 -0.6678 1.6338 0 0 0
158.4 0.033609 -2.8227 2.3879 0 0 0
158.6 -1.0286 -5.5366 3.5914 0 0 0
158.8 -1.7938 -8.1774 5.0061 0 0 0
159 -1.9795 -9.2612 5.6968 0 0 0
159.2 -1.6235 -8.6633 5.541 0 0 0
159.4 -1.2134 -7.4656 4.9625 0 0 0
159.6 -0.36352 -5.8267 4.4338 0 0 0
159.8 -0.11574 -4.9147 3.9208 0 0 0
160 0.2243 -4.0519 3.5353 0 0 0
160.2 0.66334 -2.865 2.9971 0 0 0
160.4 1.1156 -2.3292 2.978 0 0 0
160.6 1.1264 -1.5791 2.3905 0 0 0
160.8 1.1727 -1.4796 2.3546 0 0 0
161 1.3989 -0.98972 2.1749 0 0 0
161.2 1.2928 -0.64801 1.8001 0 0 0
161.4 1.231 -0.22467 1.3997 0 0 0
161.6 1.2513 0.20481 1.0759 0 0 0
161.8 1.2631 0.11572 1.1529 0 0 0
162 1.1813 0.32446 0.90691 0 0 0
162.2 1.0272 0.25042 0.81458 0 0 0
162.4 1.2568 0.64821 0.72009 0 0 0
162.6 1.2357 0.7704 0.5999 0 0 0
162.8 1.1576 0.81245 0.49489 0 0 0
163 1.1233 1.0234 0.2721 0 0 0
163.2 0.89603 0.77844 0.26733 0 0 0
163.4 0.91881 0.7121 0.33138 0 0 0
163.6 0.873 0.68355 0.31916 0 0 0
163.8 0.99324 0.80227 0.3449 0 0 0
164 0.99813 1.1386 0.070874 0 0 0
164.2 0.92325 1.1603 -0.025897 0 0 0
164.4 1.0982 1.3261 0.015952 0 0 0
164.6 1.1341 1.392 -0.003023 0 0 0
164.8 1.0311 1.4968 -0.19354 0 0 0
165 0.95236 1.4508 -0.23664 0 0 0
165.2 1.259 1.8869 -0.29651 0 0 0
165.4 1.2088 2.1417 -0.54769 0 0 0
165.6 1.2226 2.2745 -0.64721 0 0 0
165.8 1.2365 2.3765 -0.72208 0 0 0
166 0.80967 1.7407 -0.63212 0 0 0
166.2 0.29293 0.73984 -0.33247 0 0 0
166.4 -0.34163 -0.78927 0.30451 0 0 0
166.6 -0.72615 -1.924 0.83597 0 0 0
166.8 -0.58975 -1.5363 0.6509 0 0 0
167 -0.35332 -0.78464 0.26991 0 0 0
167.2 -1.3836 -3.8574 5.0913 0 0 0
167.4 -1.1298 -2.9094 5.1436 0 0 0
167.6 -0.6778 -1.0257 4.0209 0 0 0
167.8 -0.32573 0.025468 3.4218 0 0 0
168 -0.11626 0.85277 2.7755 0 0 0
168.2 -0.016703 1.3381 2.5218 0 0 0
168.4 0.18302 1.9327 2.3894 0 0 0
168.6 0.22346 2.2017 2.4245 0 0 0
168.8 0.19101 2.1529 2.1196 0 0 0
169 -0.10776 1.1219 2.6283 0 0 0
169.2 -0.69358 -0.75339 3.5235 0 0 0
169.4 -1.4354 -3.0882 4.383 0 0 0
169.6 -2.0473 -5.2434 5.4007 0 0 0
169.8 -2.4561 -6.6916 6.1323 0 0 0
170 -2.3889 -6.5992 6.2125 0 0 0
170.2 -1.9245 -5.1096 5.9856 0 0 0
170.4 -1.3555 -3.241 5.4346 0 0 0
170.6 -0.97538 -1.6392 4.6907 0 0 0
170.8 -0.54634 -0.37356 4.1902 0 0 0
171 -0.43317 0.32358 3.4747 0 0 0
171.2 -0.25974 0.85741 3.0227 0 0 0
171.4 -0.068796 1.4887 2.5713 0 0 0
171.6 0.005805 1.8786 2.5915 0 0 0
171.8 0.15903 2.2936 2.2273 0 0 0
172 0.25133 2.5618 1.9684 0 0 0
172.2 0.25243 2.7803 1.8514 0 0 0
172.4 -0.030495 1.8789 2.3982 0 0 0
172.6 -0.55462 0.10811 3.1497 0 0 0
172.8 -1.1702 -2.1152 4.02 0 0 0
173 -1.6057 -3.6207 4.8527 0 0 0
173.2 -1.9748 -4.9636 5.3885 0 0 0
173.4 -2.2497 -6.318 5.608 0 0 0
173.6 -2.1059 -5.7627 5.5727 0 0 0
173.8 -1.5127 -3.2507 5.1271 0 0 0
174 -1.0459 -1.5125 4.2528 0 0 0
174.2 -0.72596 -0.46551 3.7433 0 0 0
174.4 -0.55158 0.058102 3.1273 0 0 0
174.6 -0.27752 0.8883 2.6783 0 0 0
174.8 -0.068447 1.688 2.4478 0 0 0
175 0.11245 2.1398 2.0014 0 0 0
175.2 0.17937 2.4556 1.9107 0 0 0
175.4 0.13948 2.6128 2.0886 0 0 0
175.6 -0.18583 1.4848 2.4651 0 0 0
175.8 -0.75482 -0.69584 3.3651 0 0 0
176 -1.2524 -2.6689 4.0855 0 0 0
176.2 -1.6667 -4.085 4.7588 0 0 0
176.4 -1.7767 -4.7795 4.8353 0 0 0
176.6 -1.7011 -4.6067 4.721 0 0 0
176.8 -1.2885 -2.6655 4.2313 0 0 0
177 -0.95131 -1.1002 3.8255 0 0 0
177.2 -0.60751 -0.032136 3.1459 0 0 0
177.4 -0.37399 0.84232 2.7358 0 0 0
177.6 -0.11716 1.8268 2.3463 0 0 0
177.8 0.0155 2.1707 2.075 0 0 0
178 0.16571 2.7391 1.8111 0 0 0
178.2 0.25948 3.0443 1.6392 0 0 0
178.4 0.37503 3.2807 1.4166 0 0 0
178.6 0.27386 2.9587 1.5794 0 0 0
178.8 0.35013 2.7266 1.3672 0 0 0
179 0.3694 2.7958 1.3663 0 0 0
179.2 0.47069 2.8607 1.1359 0 0 0
179.4 0.50384 2.9599 1.1084 0 0 0
179.6 0.67554 3.0009 0.78814 0 0 0
179.8 0.73348 3.1997 0.71352 0 0 0
180 0.90532 3.4719 0.42695 0 0 0
180.2 0.9038 3.5002 0.42774 0 0 0
180.4 1.0802 3.3949 0.17289 0 0 0
180.6 1.1612 3.7017 0.085375 0 0 0
180.8 1.0685 3.6155 0.25667 0 0 0
181 0.59747 2.6699 1.108 0 0 0
181.2 0.042556 0.59011 2.1101 0 0 0
181.4 -0.63475 -0.9486 3.2054 0 0 0
181.6 -1.0852 -2.5924 3.9887 0 0 0
181.8 -1.3591 -4.098 4.5068 0 0 0
182 -1.2956 -4.321 4.4428 0 0 0
182.2 -1.0422 -2.4352 3.9034 0 0 0
182.4 -0.71584 -0.62349 3.2122 0 0 0
182.6 -0.42478 0.39902 2.7062 0 0 0
182.8 -0.2027 1.3167 2.2863 0 0 0
183 0.086705 1.949 1.8535 0 0 0
183.2 0.37278 2.2929 1.4468 0 0 0
183.4 0.50404 2.5657 1.2388 0 0 0
183.6 0.74865 2.9111 0.96739 0 0 0
183.8 0.79981 3.0274 0.92374 0 0 0
184 0.41992 2.6288 1.456 0 0 0
184.2 0.096951 1.097 2.1622 0 0 0
184.4 -0.66941 -0.2918 3.1581 0 0 0
184.6 -1.3878 -1.8048 4.2158 0 0 0
184.8 -1.7863 -2.7943 4.7531 0 0 0
185 -1.9631 -4.0394 5.1716 0 0 0
185.2 -2.073 -4.1337 5.2653 0 0 0
185.4 -1.8452 -2.2952 4.5894 0 0 0
185.6 -1.2664 -0.40526 3.5729 0 0 0
185.8 -0.92562 0.65212 2.972 0 0 0
186 -0.52352 1.5689 2.4206 0 0 0
186.2 -0.3362 2.1317 2.1573 0 0 0
186.4 -0.068963 2.2839 1.9243 0 0 0
186.6 -0.011205 2.7003 1.7445 0 0 0
186.8 -0.074785 2.8177 1.7618 0 0 0
187 -0.42019 1.2738 2.4917 0 0 0
187.2 -1.005 -1.0178 3.5663 0 0 0
187.4 -1.3293 -3.162 4.4609 0 0 0
187.6 -1.8784 -4.467 5.2391 0 0 0
187.8 -1.9186 -5.738 5.6592 0 0 0
188 -1.8434 -6.2771 5.8515 0 0 0
188.2 -1.5222 -4.2682 4.9471 0 0 0
188.4 -1.0561 -2.0466 3.8796 0 0 0
188.6 -0.72815 -0.63888 3.1958 0 0 0
188.8 -0.67925 0.51052 2.7559 0 0 0
189 -0.32532 1.5721 2.2244 0 0 0
189.2 -0.26503 2.3058 1.8372 0 0 0
189.4 -0.080444 2.5828 1.6671 0 0 0
189.6 -0.090905 2.8276 1.5263 0 0 0
189.8 -0.28346 3.1292 1.4724 0 0 0
190 -0.71904 1.5116 2.2604 0 0 0
190.2 -1.2032 -1.0379 3.4556 0 0 0
190.4 -1.6744 -3.0715 4.4053 0 0 0
190.6 -2.0449 -4.2896 5.0108 0 0 0
190.8 -2.207 -5.4218 5.7016 0 0 0
191 -2.0117 -5.4191 5.5944 0 0 0
191.2 -1.4652 -3.4243 4.6342 0 0 0
191.4 -0.72913 -1.2567 3.5061 0 0 0
191.6 -0.56387 0.088513 2.8244 0 0 0
191.8 -0.39165 0.97504 2.3422 0 0 0
192 -0.057792 1.7047 2.0815 0 0 0
192.2 0.19688 2.243 1.8024 0 0 0
192.4 0.22913 2.3781 1.7511 0 0 0
192.6 0.33401 2.6799 1.6778 0 0 0
192.8 0.067796 2.6227 1.4714 0 0 0
193 -0.29607 1.9606 1.6801 0 0 0
193.2 -0.84638 0.14908 2.5567 0 0 0
193.4 -1.3844 -1.7705 3.517 0 0 0
193.6 -1.8182 -3.0944 4.1602 0 0 0
193.8 -2.1218 -4.295 4.794 0 0 0
194 -2.0354 -4.1283 4.6884 0 0 0
194.2 -1.4502 -2.7566 4.1634 0 0 0
194.4 -0.5499 -0.7118 3.4493 0 0 0
194.6 -0.26349 0.56553 2.7679 0 0 0
194.8 -0.10674 1.5747 2.0469 0 0 0
195 -0.039772 1.9309 1.9075 0 0 0
195.2 0.26447 2.6505 1.6021 0 0 0
195.4 0.56004 2.7303 1.9057 0 0 0
195.6 0.53206 2.9042 1.7331 0 0 0
195.8 0.50006 2.926 1.6599 0 0 0
196 0.21036 2.5653 1.7304 0 0 0
196.2 -0.43905 0.70144 2.3149 0 0 0
196.4 -1.1781 -1.7413 3.6111 0 0 0
196.6 -1.7266 -3.6271 4.4598 0 0 0
196.8 -2.0225 -4.7657 5.2836 0 0 0
197 -2.1788 -5.1555 5.2343 0 0 0
197.2 -1.8222 -4.1396 4.7465 0 0 0
197.4 -0.95978 -1.6179 3.7809 0 0 0
197.6 -0.38552 0.074814 3.216 0 0 0
197.8 -0.20363 1.2251 2.3748 0 0 0
198 0.026859 1.8258 2.161 0 0 0
198.2 0.20103 2.3298 1.933 0 0 0
198.4 0.30524 2.8107 1.424 0 0 0
198.6 0.36553 3.0323 1.4256 0 0 0
198.8 0.35034 2.9785 1.4306 0 0 0
199 0.35839 3.1066 1.3274 0 0 0
199.2 -0.056804 1.8721 1.8363 0 0 0
199.4 -0.68978 -0.030118 2.2403 0 0 0
199.6 -1.2436 -2.2131 3.2651 0 0 0
199.8 -1.6951 -3.5823 3.9641 0 0 0
200 -1.936 -4.454 4.2471 0 0 0
200.2 -2.1271 -4.4321 1.5869 0 0 0
200.4 -2.1008 -4.9648 2.053 0 0 0
200.6 -1.4573 -3.6173 1.5697 0 0 0
200.8 -0.57065 -1.6512 0.82372 0 0 0
201 0.22596 0.047293 0.21101 0 0 0
201.2 0.6818 1.0644 -0.18368 0 0 0
201.4 0.73064 1.6104 -0.59761 0 0 0
201.6 0.77115 1.9697 -0.8531 0 0 0
201.8 1.1604 2.8085 -1.1522 0 0 0
202 1.4971 3.5333 -1.4157 0 0 0
202.2 1.5321 3.9107 -1.6993 0 0 0
