0 0 0 0 0 0 0
0.2 0.33033 -1.678 1.0716 0 0 0
0.4 0.91741 -2.5687 2.3852 0 0 0
0.6 0.99033 -5.2443 3.3958 0 0 0
0.8 0.71318 -7.0664 3.5304 0 0 0
1 0.78307 -6.5234 3.5003 0 0 0
1.2 0.7953 -5.121 3.0448 0 0 0
1.4 0.73478 -2.646 2.1825 0 0 0
1.6 0.30837 -0.8774 0.83079 0 0 0
1.8 0.17219 0.51855 0.13312 0 0 0
2 -0.15434 1.6104 -0.79099 0 0 0
2.2 -0.077983 3.5707 -1.3051 0 0 0
2.4 -0.12277 3.7521 -1.1989 0 0 0
2.6 -0.3126 1.4101 0.12342 0 0 0
2.8 -0.24713 2.5315 -0.054112 0 0 0
3 -0.080718 4.4669 -0.2705 0 0 0
3.2 -0.2841 4.7572 -0.693 0 0 0
3.4 -0.55716 5.0645 -1.2277 0 0 0
3.6 -0.56642 5.0244 -1.2446 0 0 0
3.8 -0.43614 5.8118 -1.2807 0 0 0
4 -0.33003 7.3181 -1.455 0 0 0
4.2 -0.33302 7.0013 -1.3794 0 0 0
4.4 -0.5447 6.6663 -1.6307 0 0 0
4.6 -0.53081 5.6332 -1.3463 0 0 0
4.8 -0.34239 4.559 -0.72495 0 0 0
5 -0.11052 4.1622 -0.23164 0 0 0
5.2 -0.027063 2.2989 0.4123 0 0 0
5.4 0.00209 0.19216 1.0208 0 0 0
5.6 -0.15392 -1.8432 1.3633 0 0 0
5.8 -0.056825 -2.7729 1.7858 0 0 0
6 0.15726 -1.7144 1.8461 0 0 0
6.2 0.26403 -1.3272 1.8833 0 0 0
6.4 0.022907 -0.95677 1.4006 0 0 0
6.6 -0.06277 -0.18802 1.0439 0 0 0
6.8 -0.068186 1.5135 0.5805 0 0 0 
7 0.043638 3.8072 0.070764 0 0 0
7.2 -0.45239 4.2264 -0.73237 0 0 0
7.4 -0.58683 4.6406 -1.0727 0 0 0
7.6 -0.58247 4.8458 -1.1194 0 0 0
7.8 -0.48442 5.8086 -1.2583 0 0 0
8 -0.30804 7.2022 -1.4132 0 0 0
8.2 -0.44425 6.8388 -1.4915 0 0 0
8.4 -0.42326 6.7678 -1.4529 0 0 0
8.6 -0.65501 6.1639 -1.564 0 0 0
8.8 -0.23457 5.7456 -0.88328 0 0 0
9 0.23169 5.6051 -0.19196 0 0 0
9.2 0.18335 3.7287 0.28003 0 0 0
9.4 0.16273 1.4894 0.93235 0 0 0
9.6 0.052235 -0.58016 1.4106 0 0 0
9.8 0.29171 -2.1604 2.1913 0 0 0
10 0.45068 -2.82 2.5967 0 0 0
10.2 0.57445 -3.6143 2.989 0 0 0
10.4 0.38233 -3.5406 2.7344 0 0 0
10.6 0.33032 -3.2771 2.5925 0 0 0
10.8 0.64727 -2.2897 2.6657 0 0 0
11 0.83282 0.34059 2.0898 0 0 0
11.2 0.49214 1.4006 1.3422 0 0 0
11.4 0.37365 2.2359 0.93612 0 0 0
11.6 0.050723 2.8811 0.36587 0 0 0
11.8 -0.11807 4.1524 -0.21134 0 0 0
12 -0.006779 5.7702 -0.61578 0 0 0
12.2 -0.47095 5.8268 -1.1332 0 0 0
12.4 -0.36807 5.9453 -1.0562 0 0 0
12.6 -0.53686 5.9287 -1.216 0 0 0
12.8 -0.008078 5.7617 -0.61065 0 0 0
13 0.42421 5.3492 -0.064108 0 0 0
13.2 0.39328 3.2579 0.57643 0 0 0
13.4 0.45744 1.1818 1.3282 0 0 0
13.6 0.35887 -0.48097 1.7964 0 0 0
13.8 0.43246 -1.4272 2.1832 0 0 0
14 0.5377 -1.9397 2.4507 0 0 0
14.2 0.41655 -2.214 2.4432 0 0 0
14.4 0.48331 -2.24 2.4908 0 0 0
14.6 0.52158 -1.601 2.3138 0 0 0
14.8 0.67004 -0.2783 1.9526 0 0 0
15 0.86755 1.7385 1.3481 0 0 0
15.2 0.51047 2.3227 0.89358 0 0 0
15.4 0.43341 2.8038 0.65895 0 0 0
15.6 0.064753 3.2016 0.31408 0 0 0
15.8 -0.010934 4.1679 -0.063528 0 0 0
16 0.13002 5.9214 -0.67866 0 0 0
16.2 -0.36137 6.0536 -0.92146 0 0 0
16.4 -0.24696 5.8501 -0.82349 0 0 0
16.6 -0.15145 4.8749 -0.41559 0 0 0
16.8 0.26715 3.9516 0.018657 0 0 0
17 0.2695 3.5808 0.15089 0 0 0
17.2 0.084174 1.8399 0.9144 0 0 0
17.4 0.28897 -0.053164 1.6345 0 0 0
17.6 0.53504 -1.7845 2.3592 0 0 0
17.8 0.5596 -3.0178 2.8484 0 0 0
18 0.53836 -2.0395 2.4946 0 0 0
18.2 0.4724 -1.7001 2.3957 0 0 0
18.4 0.70485 -1.542 2.1183 0 0 0
18.6 0.62693 -0.85528 1.7589 0 0 0
18.8 0.63715 0.4687 0.97162 0 0 0
19 0.3442 2.6587 0.09339 0 0 0
19.2 0.17268 3.6377 -0.15653 0 0 0
19.4 0.11011 4.0838 -0.31044 0 0 0
19.6 0.032222 4.3362 -0.2295 0 0 0
19.8 -0.055849 4.7683 -0.1541 0 0 0
20 -0.16052 5.9398 -0.60697 0 0 0
20.2 -0.20427 6.4842 -0.55094 0 0 0
20.4 -0.17429 6.4602 -0.65745 0 0 0
20.6 -0.12994 5.9557 -0.55128 0 0 0
20.8 -0.068288 5.3816 -0.6337 0 0 0
21 -0.07596 5.0153 -0.70463 0 0 0
21.2 0.067889 3.7737 0.28047 0 0 0
21.4 0.23199 1.6571 1.014 0 0 0
21.6 0.37467 -0.28663 1.6462 0 0 0
21.8 0.53841 -2.1665 2.4312 0 0 0
22 0.69044 -3.1148 3.2841 0 0 0
22.2 0.8305 -3.9481 3.9076 0 0 0
22.4 0.76132 -3.6996 3.4945 0 0 0
22.6 0.67593 -3.5622 3.1155 0 0 0
22.8 0.57222 -2.8346 2.6387 0 0 0
23 0.47994 -0.83285 2.101 0 0 0
23.2 0.28366 0.46269 1.3081 0 0 0
23.4 0.019375 1.8638 0.28463 0 0 0
23.6 -0.15892 2.7968 -0.41551 0 0 0
23.8 -0.04347 3.8488 -0.23222 0 0 0
24 -0.048911 5.9021 -0.52855 0 0 0
24.2 0.011525 6.3074 -0.39176 0 0 0
24.4 -0.081554 6.5315 -0.77676 0 0 0
24.6 -0.12735 5.9206 -0.80521 0 0 0
24.8 -0.003757 5.0055 -0.31729 0 0 0
25 0.12176 4.6192 0.13406 0 0 0
25.2 0.33537 2.5623 1.0438 0 0 0
25.4 0.42524 0.67917 1.629 0 0 0
25.6 0.4678 -1.1759 2.1322 0 0 0
25.8 0.68347 -2.7002 2.9431 0 0 0
26 0.99723 -2.958 3.7738 0 0 0
26.2 0.95043 -3.1918 3.7072 0 0 0
26.4 0.77976 -3.1318 3.3033 0 0 0
26.6 0.66782 -2.7587 2.9142 0 0 0
26.8 0.52805 -1.7429 2.3698 0 0 0
27 0.43519 0.67644 1.6523 0 0 0
27.2 0.22012 1.845 0.93228 0 0 0
27.4 -0.046134 2.8947 0.1013 0 0 0
27.6 -0.089135 3.7991 -0.24985 0 0 0
27.8 0.048386 4.9946 -0.20774 0 0 0
28 -0.002202 6.7707 -0.6687 0 0 0
28.2 0.005365 6.8599 -0.69569 0 0 0
28.4 -0.12232 7.0177 -1.0248 0 0 0
28.6 -0.11065 6.8127 -0.961 0 0 0
28.8 0.06921 6.2375 -0.45584 0 0 0
29 0.20427 5.9716 -0.10085 0 0 0
29.2 0.26532 3.8728 0.54899 0 0 0
29.4 0.40995 1.8566 1.2973 0 0 0
29.6 0.54456 -0.32524 2.0565 0 0 0
29.8 0.71019 -2.0045 2.797 0 0 0
30 1.0394 -2.1707 3.4869 0 0 0
30.2 0.91326 -2.2093 3.2662 0 0 0
30.4 0.72397 -2.2281 2.8585 0 0 0
30.6 0.44476 -1.8533 2.2611 0 0 0
30.8 0.43932 -0.51796 1.8999 0 0 0
31 0.5738 2.2202 1.4154 0 0 0
31.2 0.14127 3.198 0.46979 0 0 0
31.4 0.037155 4.0462 -0.010971 0 0 0
31.6 -0.070906 4.5279 -0.3452 0 0 0
31.8 0.15947 5.3461 -0.16983 0 0 0
32 0.15464 6.6427 -0.46743 0 0 0
32.2 0.035819 5.8074 -0.44178 0 0 0
32.4 0.066364 4.5653 -0.10123 0 0 0
32.6 0.15992 2.6033 0.58559 0 0 0
32.8 0.55892 0.61172 1.767 0 0 0
33 0.74121 0.15395 2.2257 0 0 0
33.2 0.87688 -1.499 2.927 0 0 0
33.4 0.7588 -3.0123 3.1056 0 0 0
33.6 0.76239 -4.0311 3.3553 0 0 0
33.8 0.68146 -3.4726 3.0867 0 0 0
34 0.89117 -2.0473 3.0835 0 0 0
34.2 0.82892 -1.3943 2.8139 0 0 0
34.4 0.50732 -0.12099 1.9184 0 0 0
34.6 0.36387 1.1455 1.2795 0 0 0
34.8 0.35897 2.4805 0.88653 0 0 0
35 0.33783 4.4339 0.36177 0 0 0
35.2 0.22767 5.0281 0.010317 0 0 0
35.4 0.076392 5.4904 -0.38608 0 0 0
35.6 -0.1348 5.4431 -0.69297 0 0 0
35.8 -0.18028 5.8369 -0.82308 0 0 0
36 0.1425 7.057 -0.6849 0 0 0
36.2 0.12022 6.6845 -0.62463 0 0 0
36.4 0.12226 5.8416 -0.41774 0 0 0
36.6 0.097536 4.2983 0.017467 0 0 0
36.8 0.2758 2.5535 0.76484 0 0 0
37 0.73452 1.6653 1.71 0 0 0
37.2 0.67906 0.44433 2.0089 0 0 0
37.4 0.62183 -1.3011 2.3785 0 0 0
37.6 0.59933 -3.4748 2.9664 0 0 0
37.8 0.66724 -4.8653 3.4683 0 0 0
38 0.82042 -3.6559 3.3321 0 0 0
38.2 1.0448 -2.6617 3.3776 0 0 0
38.4 0.80603 -2.3854 2.9588 0 0 0
38.6 0.5194 -1.8706 2.388 0 0 0
38.8 0.43138 -0.53876 1.8702 0 0 0
39 0.49203 1.7951 1.259 0 0 0
39.2 0.21464 3.2661 0.44726 0 0 0
39.4 0.043848 4.1387 -0.0441 0 0 0
39.6 -0.14511 4.6683 -0.45771 0 0 0
39.8 -0.10702 5.1958 -0.54441 0 0 0
40 0.16787 6.5518 -0.6229 0 0 0
40.2 -0.099628 6.5834 -0.95238 0 0 0
40.4 -0.085965 6.0817 -0.78903 0 0 0
40.6 -0.047904 4.992 -0.41665 0 0 0
40.8 0.38799 3.334 0.62779 0 0 0
41 0.71266 2.87 1.1532 0 0 0
41.2 0.73544 1.1906 1.701 0 0 0
41.4 0.45445 -0.71635 1.9656 0 0 0
41.6 0.50509 -2.4807 2.5749 0 0 0
41.8 0.51193 -4.0577 3.0859 0 0 0
42 0.60683 -3.9373 3.1631 0 0 0
42.2 0.57928 -3.4801 2.9767 0 0 0
42.4 0.45126 -0.48489 0.95437 0 0 0
42.6 0.019602 0.7151 -0.14108 0 0 0
42.8 -0.42986 2.0849 -1.3092 0 0 0
43 -0.52121 2.6081 -1.6559 0 0 0
43.2 -0.53303 3.6936 -2.0518 0 0 0
43.4 -0.23953 4.9085 -1.9838 0 0 0
43.6 -0.53377 5.0747 -2.5203 0 0 0
43.8 -0.6026 5.1684 -2.6748 0 0 0
44 -0.74803 5.1902 -2.9454 0 0 0
44.2 -0.28128 5.7374 -2.3995 0 0 0
44.4 -0.21911 5.0147 -2.007 0 0 0
44.6 -0.15334 2.7931 -1.1839 0 0 0
44.8 -0.009428 0.39356 -0.14874 0 0 0
45 0.24813 -1.3941 0.84042 0 0 0
45.2 0.85061 -2.2666 2.18 0 0 0
45.4 0.95297 -4.6132 3.1398 0 0 0
45.6 0.74571 -6.9387 3.548 0 0 0
45.8 0.77802 -6.6809 3.5322 0 0 0
46 0.86848 -5.5624 3.3037 0 0 0
46.2 0.66644 -2.9617 2.1622 0 0 0
46.4 0.32462 -1.3488 1.0459 0 0 0
46.6 0.16873 0.17542 0.24055 0 0 0
46.8 -0.1599 1.3559 -0.70638 0 0 0
47 -0.14444 3.0805 -1.2761 0 0 0
47.2 -0.06466 4.2562 -1.4377 0 0 0
47.4 -0.28357 1.4143 0.13598 0 0 0
47.6 -0.3149 2.2165 -0.099391 0 0 0
47.8 -0.1781 3.9687 -0.30761 0 0 0
48 -0.2892 4.7299 -0.67635 0 0 0
48.2 -0.48694 5.0641 -1.1138 0 0 0
48.4 -0.55058 5.0577 -1.2324 0 0 0
48.6 -0.54733 5.6149 -1.3989 0 0 0
48.8 -0.48871 6.9026 -1.6078 0 0 0
49 -0.37078 7.1219 -1.4804 0 0 0
49.2 -0.49816 6.8558 -1.6109 0 0 0
49.4 -0.58907 5.8185 -1.4878 0 0 0
49.6 -0.34611 4.7592 -0.78909 0 0 0
49.8 -0.25147 4.2792 -0.49283 0 0 0
50 0.01973 2.7641 0.34422 0 0 0
50.2 -0.060303 0.6381 0.81621 0 0 0
50.4 -0.14288 -1.54 1.2984 0 0 0
50.6 -0.007596 -2.6758 1.8208 0 0 0
50.8 0.17069 -1.9543 1.9159 0 0 0
51 0.22445 -1.3324 1.8403 0 0 0
51.2 0.072255 -0.93 1.468 0 0 0
51.4 -0.052711 -0.41437 1.121 0 0 0
51.6 -0.080747 1.1667 0.66543 0 0 0
51.8 0.018506 3.4257 0.15784 0 0 0
52 -0.38632 4.1481 -0.61406 0 0 0
52.2 -0.54695 4.6375 -1.0118 0 0 0
52.4 -0.61075 4.7852 -1.1402 0 0 0
52.6 -0.47342 5.6674 -1.2061 0 0 0
52.8 -0.4259 7.0653 -1.5257 0 0 0
53 -0.44913 6.883 -1.4972 0 0 0
53.2 -0.45073 6.8868 -1.5162 0 0 0
53.4 -0.67173 6.2536 -1.6139 0 0 0
53.6 -0.3719 5.8075 -1.0856 0 0 0
53.8 0.2161 5.7372 -0.25429 0 0 0
54 0.2247 4.128 0.22069 0 0 0
54.2 0.16502 1.8829 0.82571 0 0 0
54.4 0.067761 -0.22769 1.3287 0 0 0
54.6 0.19395 -1.8548 1.9731 0 0 0
54.8 0.42233 -2.696 2.5249 0 0 0
55 0.57236 -3.5588 2.9707 0 0 0
55.2 0.29213 -3.5079 2.6151 0 0 0
55.4 0.31635 -3.3957 2.6107 0 0 0
55.6 0.54831 -2.5326 2.6246 0 0 0
55.8 0.81908 -0.10715 2.2087 0 0 0
56 0.5577 1.1553 1.4992 0 0 0
56.2 0.49544 2.1189 1.1101 0 0 0
56.4 0.13507 2.8432 0.47294 0 0 0
56.6 -0.082993 4.007 -0.12735 0 0 0
56.8 0.061695 5.7384 -0.53399 0 0 0
57 -0.46002 5.7715 -1.1014 0 0 0
57.2 -0.23989 5.955 -0.93054 0 0 0
57.4 -0.51318 5.9976 -1.2231 0 0 0
57.6 -0.052636 5.7617 -0.65831 0 0 0
57.8 0.44946 5.6801 -0.14373 0 0 0
58 0.3897 3.6363 0.4499 0 0 0
58.2 0.46963 1.6252 1.1914 0 0 0
58.4 0.37983 -0.17443 1.708 0 0 0
58.6 0.46225 -1.4659 2.221 0 0 0
58.8 0.48859 -1.7463 2.3473 0 0 0
59 0.40222 -2.238 2.4384 0 0 0
59.2 0.52685 -2.2932 2.5412 0 0 0
59.4 0.56186 -1.6995 2.3841 0 0 0
59.6 0.70137 -0.73012 2.1322 0 0 0
59.8 0.89076 1.6228 1.4049 0 0 0
60 0.57916 2.1994 0.98542 0 0 0
60.2 0.49683 2.7802 0.7081 0 0 0
60.4 0.18406 3.1025 0.41884 0 0 0
60.6 -0.015395 3.996 -0.014563 0 0 0
60.8 0.17897 5.8725 -0.62208 0 0 0
61 -0.36225 6.0905 -0.92764 0 0 0
61.2 -0.26728 6.0111 -0.88314 0 0 0
61.4 -0.21218 5.0834 -0.51022 0 0 0
61.6 0.19546 4.175 -0.094284 0 0 0
61.8 0.44303 3.7442 0.1027 0 0 0
62 0.061139 2.1866 0.75001 0 0 0
62.2 0.34277 0.32818 1.4827 0 0 0
62.4 0.53542 -1.4492 2.2299 0 0 0
62.6 0.52375 -2.872 2.7962 0 0 0
62.8 0.59438 -2.2973 2.5754 0 0 0
63 0.41127 -1.664 2.3963 0 0 0
63.2 0.67198 -1.5045 2.1537 0 0 0
63.4 0.61692 -1.0242 1.8915 0 0 0
63.6 0.64562 0.18702 1.126 0 0 0
63.8 0.4133 2.151 0.30219 0 0 0
64 0.20112 3.5968 -0.20176 0 0 0
64.2 0.13001 4.0465 -0.31359 0 0 0
64.4 0.047027 4.2672 -0.251 0 0 0
64.6 -0.03917 4.6265 -0.16086 0 0 0
64.8 -0.12166 5.5444 -0.47296 0 0 0
65 -0.20636 6.5224 -0.6488 0 0 0
65.2 -0.18125 6.4961 -0.7141 0 0 0
65.4 -0.14139 6.0703 -0.62566 0 0 0
65.6 -0.085821 5.5391 -0.67144 0 0 0
65.8 -0.069381 4.9921 -0.69549 0 0 0
66 0.023021 4.1878 0.057691 0 0 0
66.2 0.20675 2.1053 0.91973 0 0 0
66.4 0.36589 0.014395 1.614 0 0 0
66.6 0.50206 -1.7228 2.2739 0 0 0
66.8 0.6832 -3.0708 3.2211 0 0 0
67 0.82433 -3.7409 3.8698 0 0 0
67.2 0.76084 -3.7533 3.5345 0 0 0
67.4 0.66944 -3.5999 3.1205 0 0 0
67.6 0.28971 -1.5394 0.9561 0 0 0
67.8 0.88671 -2.4109 2.2855 0 0 0
68 0.97165 -4.9287 3.2678 0 0 0
68.2 0.72476 -7.0179 3.5368 0 0 0
68.4 0.78054 -6.6021 3.5199 0 0 0
68.6 0.84713 -5.358 3.2043 0 0 0
68.8 0.69811 -2.7841 2.1617 0 0 0
69 0.3165 -1.1131 0.93836 0 0 0
69.2 0.17477 0.3521 0.19228 0 0 0
69.4 -0.15712 1.4831 -0.74869 0 0 0
69.6 -0.1228 3.3288 -1.3142 0 0 0
69.8 -0.099577 4.0549 -1.3651 0 0 0
70 -0.29851 1.3901 0.14289 0 0 0
70.2 -0.28102 2.374 -0.076751 0 0 0
70.4 -0.1169 4.2445 -0.2756 0 0 0
70.6 -0.29224 4.7272 -0.6877 0 0 0
70.8 -0.53383 5.0643 -1.1861 0 0 0
71 -0.55585 5.0438 -1.2349 0 0 0
71.2 -0.49191 5.7134 -1.3401 0 0 0
71.4 -0.40474 7.1197 -1.5261 0 0 0
71.6 -0.34206 7.0454 -1.4082 0 0 0
71.8 -0.51826 6.7742 -1.619 0 0 0
72 -0.56253 5.7291 -1.4229 0 0 0
72.2 -0.34269 4.6576 -0.75382 0 0 0
72.4 -0.181 4.2207 -0.36224 0 0 0
72.6 -0.001678 2.5277 0.38234 0 0 0
72.8 -0.016427 0.41846 0.93484 0 0 0
73 -0.15214 -1.7047 1.3302 0 0 0
73.2 -0.02133 -2.7336 1.8219 0 0 0
73.4 0.16544 -1.8333 1.8827 0 0 0
73.6 0.2454 -1.3319 1.864 0 0 0
73.8 0.048739 -0.94959 1.4374 0 0 0
74 -0.048301 -0.29129 1.0912 0 0 0
74.2 -0.06873 1.3597 0.62642 0 0 0
74.4 0.03193 3.6296 0.11287 0 0 0
74.6 -0.41935 4.1872 -0.67321 0 0 0
74.8 -0.56814 4.6374 -1.0439 0 0 0
75 -0.60169 4.8088 -1.134 0 0 0
75.2 -0.48043 5.764 -1.2409 0 0 0
75.4 -0.37694 7.1795 -1.4945 0 0 0
75.6 -0.44929 6.8589 -1.4968 0 0 0
75.8 -0.43652 6.8274 -1.484 0 0 0
76 -0.66274 6.2145 -1.5893 0 0 0
76.2 -0.2988 5.7895 -0.9819 0 0 0
76.4 0.23751 5.7073 -0.21403 0 0 0
76.6 0.20844 3.9263 0.25686 0 0 0
76.8 0.16387 1.6861 0.87903 0 0 0
77 0.059655 -0.40529 1.3695 0 0 0
77.2 0.24851 -2.0109 2.0901 0 0 0
77.4 0.43379 -2.7318 2.5493 0 0 0
77.6 0.57542 -3.5931 2.9844 0 0 0
77.8 0.33125 -3.5214 2.6667 0 0 0
78 0.32334 -3.3364 2.6016 0 0 0
78.2 0.60095 -2.4338 2.6558 0 0 0
78.4 0.82639 0.14983 2.1411 0 0 0
78.6 0.51361 1.2715 1.41 0 0 0
78.8 0.44544 2.1775 1.0354 0 0 0
79 0.092896 2.8621 0.4194 0 0 0
79.2 -0.10478 4.0655 -0.16925 0 0 0
79.4 0.033646 5.7576 -0.56967 0 0 0
79.6 -0.48109 5.7891 -1.1314 0 0 0
79.8 -0.28455 5.9468 -0.97283 0 0 0
80 -0.52232 5.9667 -1.2184 0 0 0
80.2 -0.030357 5.7617 -0.63448 0 0 0
80.4 0.43687 5.5235 -0.10679 0 0 0
80.6 0.39518 3.4437 0.51744 0 0 0
80.8 0.47445 1.4003 1.2711 0 0 0
81 0.37226 -0.32504 1.7535 0 0 0
81.2 0.4475 -1.447 2.2023 0 0 0
81.4 0.51548 -1.8444 2.4014 0 0 0
81.6 0.40549 -2.2195 2.4369 0 0 0
81.8 0.51284 -2.2766 2.5261 0 0 0
82 0.56108 -1.6437 2.3637 0 0 0
82.2 0.69377 -0.51203 2.0512 0 0 0
82.4 0.87916 1.6807 1.3765 0 0 0
82.6 0.53801 2.2573 0.93645 0 0 0
82.8 0.46179 2.7857 0.68285 0 0 0
83 0.12886 3.1488 0.37051 0 0 0
83.2 -0.006712 4.0908 -0.039273 0 0 0
83.4 0.15587 5.9026 -0.65179 0 0 0
83.6 -0.36214 6.0708 -0.92432 0 0 0
83.8 -0.25822 5.9338 -0.85574 0 0 0
84 -0.19795 4.9823 -0.46731 0 0 0
84.2 0.22381 4.0758 -0.047019 0 0 0
84.4 0.36749 3.677 0.12065 0 0 0
84.6 0.072656 2.0132 0.83221 0 0 0
84.8 0.30829 0.1359 1.5581 0 0 0
85 0.53868 -1.6201 2.2936 0 0 0
85.2 0.54018 -2.9579 2.8263 0 0 0
85.4 0.57058 -2.1557 2.5281 0 0 0
85.6 0.44023 -1.6807 2.3959 0 0 0
85.8 0.68868 -1.5238 2.136 0 0 0
86 0.62271 -0.94795 1.8259 0 0 0
86.2 0.64508 0.32464 1.0422 0 0 0
86.4 0.37773 2.408 0.19591 0 0 0
86.6 0.18768 3.6195 -0.18194 0 0 0
86.8 0.12006 4.0651 -0.31202 0 0 0
87 0.039602 4.3042 -0.2402 0 0 0
87.2 -0.050162 4.7131 -0.15594 0 0 0
87.4 -0.14172 5.7451 -0.54544 0 0 0
87.6 -0.20472 6.5033 -0.60395 0 0 0
87.8 -0.17772 6.48 -0.69108 0 0 0
88 -0.13566 6.013 -0.58847 0 0 0
88.2 -0.076711 5.4627 -0.65572 0 0 0
88.4 -0.075951 5.0067 -0.73291 0 0 0
88.6 0.043737 3.9807 0.15957 0 0 0
88.8 0.21921 1.8836 0.96667 0 0 0
89 0.37028 -0.13612 1.6301 0 0 0
89.2 0.51957 -1.9486 2.3484 0 0 0
89.4 0.6825 -3.0896 3.2379 0 0 0
89.6 0.82968 -3.854 3.8979 0 0 0
89.8 0.758 -3.7077 3.5008 0 0 0
90 0.67079 -3.581 3.1124 0 0 0
90.2 0.58284 -2.9847 2.7081 0 0 0
90.4 0.50162 -1.1315 2.2105 0 0 0
90.6 0.30477 0.38817 1.3835 0 0 0
90.8 0.040703 1.771 0.358 0 0 0
91 -0.17132 2.7227 -0.43969 0 0 0
91.2 -0.046386 3.7553 -0.23183 0 0 0
91.4 -0.031327 5.6591 -0.44528 0 0 0
91.6 -0.003196 6.2888 -0.42778 0 0 0
91.8 -0.076163 6.5831 -0.77097 0 0 0
92 -0.10816 5.9749 -0.77057 0 0 0
92.2 -0.015499 5.1351 -0.3701 0 0 0
92.4 0.10959 4.7301 0.07971 0 0 0
92.6 0.31685 2.7847 0.95974 0 0 0
92.8 0.41083 0.88375 1.5518 0 0 0
93 0.44946 -0.99161 2.0561 0 0 0
93.2 0.64938 -2.5896 2.842 0 0 0
93.4 0.9695 -2.8479 3.6756 0 0 0
93.6 1.002 -3.2461 3.8422 0 0 0
93.8 0.79875 -3.1196 3.3448 0 0 0
94 0.6654 -2.8214 2.9286 0 0 0
94.2 0.55897 -1.9623 2.484 0 0 0
94.4 0.44196 0.49384 1.7154 0 0 0
94.6 0.26237 1.7357 1.0509 0 0 0
94.8 -0.022919 2.8282 0.16203 0 0 0
95 -0.10454 3.7126 -0.26008 0 0 0
95.2 0.070792 4.8125 -0.12307 0 0 0
95.4 0.03427 6.7159 -0.56642 0 0 0
95.6 0.044869 6.7879 -0.59345 0 0 0
95.8 -0.10633 7.0548 -1.0002 0 0 0
96 -0.11996 6.8315 -0.98445 0 0 0
96.2 0.076098 6.2322 -0.44196 0 0 0
96.4 0.18983 6.1667 -0.17494 0 0 0
96.6 0.22958 4.0547 0.42885 0 0 0
96.8 0.41277 2.0746 1.2463 0 0 0
97 0.53522 -0.13292 1.9911 0 0 0
97.2 0.68771 -1.8648 2.7201 0 0 0
97.4 1.0202 -2.145 3.4351 0 0 0
97.6 0.9328 -2.245 3.3106 0 0 0
97.8 0.75551 -2.2464 2.9168 0 0 0
98 0.46995 -1.9258 2.3173 0 0 0
98.2 0.41892 -0.69042 1.9078 0 0 0
98.4 0.59457 2.0376 1.4974 0 0 0
98.6 0.13995 3.0792 0.50851 0 0 0
98.8 0.019358 3.9926 -0.019479 0 0 0
99 -0.11273 4.4924 -0.39979 0 0 0
99.2 0.10719 5.2546 -0.22914 0 0 0
99.4 0.16092 6.5587 -0.43959 0 0 0
99.6 0.02526 5.9039 -0.48296 0 0 0
99.8 0.064353 4.7905 -0.17707 0 0 0
100 0.16979 2.819 0.53183 0 0 0
100.2 0.5012 0.82732 1.6116 0 0 0
100.4 0.7217 0.17672 2.1783 0 0 0
100.6 0.88495 -1.3376 2.9038 0 0 0
100.8 0.78958 -2.786 3.096 0 0 0
101 0.73967 -4.0133 3.3187 0 0 0
101.2 0.68152 -3.5086 3.0935 0 0 0
101.4 0.84405 -2.2695 3.0638 0 0 0
101.6 0.85256 -1.4443 2.8638 0 0 0
101.8 0.58461 -0.23496 2.0732 0 0 0
102 0.4099 1.0186 1.3882 0 0 0
102.2 0.33901 2.3551 0.88384 0 0 0
102.4 0.32484 4.1481 0.40606 0 0 0
102.6 0.24003 5.0067 0.034356 0 0 0
102.8 0.088847 5.4695 -0.36198 0 0 0
103 -0.10241 5.4385 -0.64567 0 0 0
103.2 -0.21509 5.7652 -0.85546 0 0 0
103.4 0.1043 6.8962 -0.71154 0 0 0
103.6 0.13696 6.7903 -0.63268 0 0 0
103.8 0.10857 5.9427 -0.46314 0 0 0
104 0.10019 4.4878 -0.031332 0 0 0
104.2 0.1894 2.7143 0.59434 0 0 0
104.4 0.60192 1.6297 1.5305 0 0 0
104.6 0.73435 0.64084 2.0274 0 0 0
104.8 0.60897 -1.1287 2.3111 0 0 0
105 0.62742 -3.2688 2.9472 0 0 0
105.2 0.62776 -4.8428 3.4081 0 0 0
105.4 0.73033 -3.9042 3.2808 0 0 0
105.6 1.0153 -2.6968 3.3465 0 0 0
105.8 0.82813 -2.4217 3.0008 0 0 0
106 0.55111 -1.9416 2.4539 0 0 0
106.2 0.43782 -0.70492 1.9264 0 0 0
106.4 0.47274 1.4944 1.321 0 0 0
106.6 0.26326 3.1769 0.53776 0 0 0
106.8 0.067477 4.031 0.019345 0 0 0
107 -0.15409 4.6197 -0.4523 0 0 0
107.2 -0.111 5.128 -0.53056 0 0 0
107.4 0.17416 6.4045 -0.57149 0 0 0
107.6 -0.098495 6.6364 -0.96224 0 0 0
107.8 -0.086145 6.153 -0.80936 0 0 0
108 -0.058716 5.1001 -0.46614 0 0 0
108.2 0.36459 3.4418 0.56577 0 0 0
108.4 0.67427 2.9303 1.088 0 0 0
108.6 0.74835 1.3989 1.6544 0 0 0
108.8 0.48638 -0.57373 1.9597 0 0 0
109 0.48473 -2.3362 2.5059 0 0 0
109.2 0.46683 -3.9084 2.9902 0 0 0
109.4 0.58332 -4.0313 3.1683 0 0 0
109.6 0.57686 -3.4692 2.9708 0 0 0
109.8 0.45121 -0.7416 1.0354 0 0 0
110 0.050276 0.65016 -0.068684 0 0 0
110.2 -0.42429 1.9924 -1.2626 0 0 0
110.4 -0.49562 2.4981 -1.576 0 0 0
110.6 -0.55643 3.5171 -2.0222 0 0 0
110.8 -0.23972 4.9088 -1.9821 0 0 0
111 -0.50963 4.9961 -2.4585 0 0 0
111.2 -0.58144 5.1488 -2.6349 0 0 0
111.4 -0.75444 5.1926 -2.952 0 0 0
111.6 -0.36857 5.6443 -2.5117 0 0 0
111.8 -0.23484 5.2307 -2.1027 0 0 0
112 -0.097519 3.0295 -1.1747 0 0 0
112.2 -0.002815 0.59028 -0.2057 0 0 0
112.4 0.2056 -1.2422 0.72452 0 0 0
112.6 0.79608 -2.1683 2.0545 0 0 0
112.8 0.93893 -4.3038 3.0191 0 0 0
113 0.76666 -6.8596 3.5592 0 0 0
113.2 0.77551 -6.7598 3.5401 0 0 0
113.4 0.85937 -5.7341 3.3428 0 0 0
113.6 0.6414 -3.1917 2.1911 0 0 0
113.8 0.36304 -1.5603 1.1923 0 0 0
114 0.16391 0.002039 0.28967 0 0 0
114.2 -0.16268 1.2287 -0.66407 0 0 0
114.4 -0.14374 2.8259 -1.1925 0 0 0
114.6 -0.018016 4.3561 -1.4166 0 0 0
114.8 -0.26642 1.5532 0.060591 0 0 0
115 -0.34151 2.0664 -0.10898 0 0 0
115.2 -0.2393 3.6928 -0.33962 0 0 0
115.4 -0.28053 4.7491 -0.66193 0 0 0
115.6 -0.41646 5.0638 -1.0107 0 0 0
115.8 -0.55161 5.065 -1.2383 0 0 0
116 -0.58341 5.5099 -1.4241 0 0 0
116.2 -0.56317 6.6918 -1.6764 0 0 0
116.4 -0.4004 7.1999 -1.5547 0 0 0
116.6 -0.48358 6.9146 -1.606 0 0 0
116.8 -0.61043 5.9014 -1.541 0 0 0
117 -0.35608 4.8675 -0.83777 0 0 0
117.2 -0.30642 4.3249 -0.59491 0 0 0
117.4 0.041138 3.0006 0.3061 0 0 0
117.6 -0.11465 0.855 0.68409 0 0 0
117.8 -0.12613 -1.3493 1.2678 0 0 0
118 -0.017118 -2.5983 1.7797 0 0 0
118.2 0.14944 -2.0948 1.9182 0 0 0
118.4 0.20456 -1.3365 1.8185 0 0 0
118.6 0.09577 -0.91041 1.4986 0 0 0
118.8 -0.071843 -0.55291 1.1371 0 0 0
119 -0.10423 0.93455 0.69752 0 0 0
119.2 0.002064 3.1758 0.20783 0 0 0
119.4 -0.33913 4.1236 -0.54149 0 0 0
119.6 -0.52576 4.6376 -0.9797 0 0 0
119.8 -0.61656 4.7659 -1.1438 0 0 0
120 -0.46338 5.5187 -1.1537 0 0 0
120.2 -0.45493 6.8594 -1.5069 0 0 0
120.4 -0.42316 6.9265 -1.4733 0 0 0
120.6 -0.46209 6.9338 -1.5419 0 0 0
120.8 -0.68072 6.2927 -1.6385 0 0 0
121 -0.45112 5.8074 -1.1927 0 0 0
121.2 0.16745 5.6949 -0.31273 0 0 0
121.4 0.22758 4.336 0.16484 0 0 0
121.6 0.16346 2.0961 0.76106 0 0 0
121.8 0.075894 -0.049909 1.2879 0 0 0
122 0.13678 -1.6971 1.8526 0 0 0
122.2 0.41627 -2.7128 2.5236 0 0 0
122.4 0.56528 -3.5113 2.9479 0 0 0
122.6 0.29375 -3.5138 2.6186 0 0 0
122.8 0.31632 -3.4488 2.6264 0 0 0
123 0.49567 -2.6313 2.5933 0 0 0
123.2 0.81124 -0.40364 2.2859 0 0 0
123.4 0.62443 1.052 1.6098 0 0 0
123.6 0.51645 2.06 1.1523 0 0 0
123.8 0.16592 2.7998 0.52162 0 0 0
124 -0.061726 3.9432 -0.084422 0 0 0
124.2 0.088041 5.7183 -0.49975 0 0 0
124.4 -0.4089 5.7732 -1.0442 0 0 0
124.6 -0.23412 5.9698 -0.92937 0 0 0
124.8 -0.51803 6.0097 -1.2336 0 0 0
125 -0.090312 5.7654 -0.69878 0 0 0
125.2 0.46205 5.8368 -0.18068 0 0 0
125.4 0.38051 3.8323 0.37806 0 0 0
125.6 0.44297 1.8564 1.0892 0 0 0
125.8 0.38053 -0.030106 1.6595 0 0 0
126 0.46102 -1.4326 2.2085 0 0 0
126.2 0.46298 -1.652 2.2953 0 0 0
126.4 0.39931 -2.257 2.4403 0 0 0
126.6 0.52735 -2.2925 2.5387 0 0 0
126.8 0.5239 -1.7681 2.3751 0 0 0
127 0.67517 -0.9154 2.1761 0 0 0
127.2 0.88634 1.5141 1.4416 0 0 0
127.4 0.62031 2.1414 1.0344 0 0 0
127.6 0.53461 2.7798 0.73392 0 0 0
127.8 0.23036 3.0628 0.45908 0 0 0
128 -0.037869 3.8823 0.010633 0 0 0
128.2 0.177 5.7393 -0.56673 0 0 0
128.4 -0.35307 6.1047 -0.92633 0 0 0
128.6 -0.27633 6.0885 -0.91055 0 0 0
128.8 -0.20124 5.1795 -0.54625 0 0 0
129 0.18209 4.2491 -0.12314 0 0 0
129.2 0.47909 3.7601 0.10637 0 0 0
129.4 0.053099 2.3693 0.66492 0 0 0
129.6 0.37725 0.52046 1.4074 0 0 0
129.8 0.52994 -1.2762 2.1669 0 0 0
130 0.51033 -2.7601 2.7584 0 0 0
130.2 0.60974 -2.4645 2.6365 0 0 0
130.4 0.3982 -1.6604 2.3975 0 0 0
130.6 0.65424 -1.4947 2.175 0 0 0
130.8 0.61112 -1.1004 1.9572 0 0 0
131 0.64107 0.053812 1.2188 0 0 0
131.2 0.4509 1.8877 0.41222 0 0 0
131.4 0.21221 3.5675 -0.21311 0 0 0
131.6 0.13703 4.012 -0.30162 0 0 0
131.8 0.054452 4.2303 -0.26179 0 0 0
132 -0.026963 4.5327 -0.1665 0 0 0
132.2 -0.10033 5.3376 -0.38954 0 0 0
132.4 -0.2092 6.5414 -0.68548 0 0 0
132.6 -0.18507 6.4997 -0.70093 0 0 0
132.8 -0.14682 6.1277 -0.65405 0 0 0
133 -0.094932 5.6155 -0.68715 0 0 0
133.2 -0.058898 4.9738 -0.6189 0 0 0
133.4 0.005742 4.3949 -0.025172 0 0 0
133.6 0.19473 2.3208 0.87334 0 0 0
133.8 0.35617 0.18248 1.571 0 0 0
134 0.4845 -1.4989 2.1986 0 0 0
134.2 0.68509 -3.0528 3.2083 0 0 0
134.4 0.8146 -3.6094 3.8239 0 0 0
134.6 0.76983 -3.8367 3.5955 0 0 0
134.8 0.67792 -3.6189 3.1576 0 0 0
135 0.24813 -1.3941 0.84042 0 0 0
135.2 0.85061 -2.2666 2.18 0 0 0
135.4 0.95297 -4.6132 3.1398 0 0 0
135.6 0.74571 -6.9387 3.548 0 0 0
135.8 0.77802 -6.6809 3.5322 0 0 0
136 0.86848 -5.5624 3.3037 0 0 0
136.2 0.66644 -2.9617 2.1622 0 0 0
136.4 0.32462 -1.3488 1.0459 0 0 0
136.6 0.16873 0.17542 0.24055 0 0 0
136.8 -0.1599 1.3559 -0.70638 0 0 0
137 -0.14444 3.0805 -1.2761 0 0 0
137.2 -0.06466 4.2562 -1.4377 0 0 0
137.4 -0.28357 1.4143 0.13598 0 0 0
137.6 -0.3149 2.2165 -0.099391 0 0 0
137.8 -0.1781 3.9687 -0.30761 0 0 0
138 -0.2892 4.7299 -0.67635 0 0 0
138.2 -0.48694 5.0641 -1.1138 0 0 0
138.4 -0.55058 5.0577 -1.2324 0 0 0
138.6 -0.54733 5.6149 -1.3989 0 0 0
138.8 -0.48871 6.9026 -1.6078 0 0 0
139 -0.37078 7.1219 -1.4804 0 0 0
139.2 -0.49816 6.8558 -1.6109 0 0 0
139.4 -0.58907 5.8185 -1.4878 0 0 0
139.6 -0.34611 4.7592 -0.78909 0 0 0
139.8 -0.25147 4.2792 -0.49283 0 0 0
140 0.01973 2.7641 0.34422 0 0 0
140.2 -0.060303 0.6381 0.81621 0 0 0
140.4 -0.14288 -1.54 1.2984 0 0 0
140.6 -0.007596 -2.6758 1.8208 0 0 0
140.8 0.17069 -1.9543 1.9159 0 0 0
141 0.22445 -1.3324 1.8403 0 0 0
141.2 0.072255 -0.93 1.468 0 0 0
141.4 -0.052711 -0.41437 1.121 0 0 0
141.6 -0.080747 1.1667 0.66543 0 0 0
141.8 0.018506 3.4257 0.15784 0 0 0
142 -0.38632 4.1481 -0.61406 0 0 0
142.2 -0.54695 4.6375 -1.0118 0 0 0
142.4 -0.61075 4.7852 -1.1402 0 0 0
142.6 -0.47342 5.6674 -1.2061 0 0 0
142.8 -0.4259 7.0653 -1.5257 0 0 0
143 -0.44913 6.883 -1.4972 0 0 0
143.2 -0.45073 6.8868 -1.5162 0 0 0
143.4 -0.67173 6.2536 -1.6139 0 0 0
143.6 -0.3719 5.8075 -1.0856 0 0 0
143.8 0.2161 5.7372 -0.25429 0 0 0
144 0.2247 4.128 0.22069 0 0 0
144.2 0.16502 1.8829 0.82571 0 0 0
144.4 0.067761 -0.22769 1.3287 0 0 0
144.6 0.19395 -1.8548 1.9731 0 0 0
144.8 0.42233 -2.696 2.5249 0 0 0
145 0.57236 -3.5588 2.9707 0 0 0
145.2 0.29213 -3.5079 2.6151 0 0 0
145.4 0.31635 -3.3957 2.6107 0 0 0
145.6 0.54831 -2.5326 2.6246 0 0 0
145.8 0.81908 -0.10715 2.2087 0 0 0
146 0.5577 1.1553 1.4992 0 0 0
146.2 0.49544 2.1189 1.1101 0 0 0
146.4 0.13507 2.8432 0.47294 0 0 0
146.6 -0.082993 4.007 -0.12735 0 0 0
146.8 0.061695 5.7384 -0.53399 0 0 0
147 -0.46002 5.7715 -1.1014 0 0 0
147.2 -0.23989 5.955 -0.93054 0 0 0
147.4 -0.51318 5.9976 -1.2231 0 0 0
147.6 -0.052636 5.7617 -0.65831 0 0 0
147.8 0.44946 5.6801 -0.14373 0 0 0
148 0.3897 3.6363 0.4499 0 0 0
148.2 0.46963 1.6252 1.1914 0 0 0
148.4 0.37983 -0.17443 1.708 0 0 0
148.6 0.46225 -1.4659 2.221 0 0 0
148.8 0.48859 -1.7463 2.3473 0 0 0
149 0.40222 -2.238 2.4384 0 0 0
149.2 0.52685 -2.2932 2.5412 0 0 0
149.4 0.56186 -1.6995 2.3841 0 0 0
149.6 0.70137 -0.73012 2.1322 0 0 0
149.8 0.89076 1.6228 1.4049 0 0 0
150 0.57916 2.1994 0.98542 0 0 0
150.2 0.49683 2.7802 0.7081 0 0 0
150.4 0.18406 3.1025 0.41884 0 0 0
150.6 -0.015395 3.996 -0.014563 0 0 0
150.8 0.17897 5.8725 -0.62208 0 0 0
151 -0.36225 6.0905 -0.92764 0 0 0
151.2 -0.26728 6.0111 -0.88314 0 0 0
151.4 -0.21218 5.0834 -0.51022 0 0 0
151.6 0.19546 4.175 -0.094284 0 0 0
151.8 0.44303 3.7442 0.1027 0 0 0
152 0.061139 2.1866 0.75001 0 0 0
152.2 0.34277 0.32818 1.4827 0 0 0
152.4 0.53542 -1.4492 2.2299 0 0 0
152.6 0.52375 -2.872 2.7962 0 0 0
152.8 0.59438 -2.2973 2.5754 0 0 0
153 0.41127 -1.664 2.3963 0 0 0
153.2 0.67198 -1.5045 2.1537 0 0 0
153.4 0.61692 -1.0242 1.8915 0 0 0
153.6 0.64562 0.18702 1.126 0 0 0
153.8 0.4133 2.151 0.30219 0 0 0
154 0.20112 3.5968 -0.20176 0 0 0
154.2 0.13001 4.0465 -0.31359 0 0 0
154.4 0.047027 4.2672 -0.251 0 0 0
154.6 -0.03917 4.6265 -0.16086 0 0 0
154.8 -0.12166 5.5444 -0.47296 0 0 0
155 -0.20636 6.5224 -0.6488 0 0 0
155.2 -0.18125 6.4961 -0.7141 0 0 0
155.4 -0.14139 6.0703 -0.62566 0 0 0
155.6 -0.085821 5.5391 -0.67144 0 0 0
155.8 -0.069381 4.9921 -0.69549 0 0 0
156 0.023021 4.1878 0.057691 0 0 0
156.2 0.20675 2.1053 0.91973 0 0 0
156.4 0.36589 0.014395 1.614 0 0 0
156.6 0.50206 -1.7228 2.2739 0 0 0
156.8 0.6832 -3.0708 3.2211 0 0 0
157 0.82433 -3.7409 3.8698 0 0 0
157.2 0.76084 -3.7533 3.5345 0 0 0
157.4 0.66944 -3.5999 3.1205 0 0 0
157.6 0.59346 -3.1348 2.7775 0 0 0
157.8 0.52374 -1.4684 2.326 0 0 0
158 0.32388 0.31379 1.4512 0 0 0
158.2 0.066177 1.6224 0.4557 0 0 0
158.4 -0.17137 2.6331 -0.42233 0 0 0
158.6 -0.049387 3.6616 -0.2316 0 0 0
158.8 -0.012908 5.3999 -0.35711 0 0 0
159 -0.028482 6.2885 -0.50158 0 0 0
159.2 -0.064506 6.5978 -0.73604 0 0 0
159.4 -0.094819 6.0232 -0.74372 0 0 0
159.6 -0.030732 5.2588 -0.43051 0 0 0
159.8 0.09743 4.841 0.02536 0 0 0
160 0.29369 3.0253 0.86315 0 0 0
160.2 0.39525 1.1006 1.4751 0 0 0
160.4 0.44371 -0.80713 2.0083 0 0 0
160.6 0.62241 -2.4673 2.7537 0 0 0
160.8 0.94159 -2.7446 3.5787 0 0 0
161 1.0553 -3.3019 3.9816 0 0 0
161.2 0.80904 -3.1014 3.3621 0 0 0
161.4 0.65733 -2.89 2.9295 0 0 0
161.6 0.58393 -2.1327 2.5738 0 0 0
161.8 0.44651 0.29365 1.7746 0 0 0
162 0.30462 1.6263 1.1695 0 0 0
162.2 0.001335 2.7736 0.21987 0 0 0
162.4 -0.1152 3.6506 -0.26426 0 0 0
162.6 0.074076 4.6728 -0.088533 0 0 0
162.8 0.047042 6.6121 -0.51188 0 0 0
163 0.07856 6.7244 -0.50586 0 0 0
163.2 -0.090117 7.0921 -0.97526 0 0 0
163.4 -0.12165 6.8503 -0.99178 0 0 0
163.6 0.068584 6.3058 -0.47443 0 0 0
163.8 0.16214 6.3131 -0.26568 0 0 0
164 0.20397 4.2445 0.3272 0 0 0
164.2 0.41559 2.2926 1.1953 0 0 0
164.4 0.52273 0.066789 1.9188 0 0 0
164.6 0.64345 -1.6769 2.5929 0 0 0
164.8 0.96847 -2.1492 3.3345 0 0 0
165 0.94919 -2.2746 3.3514 0 0 0
165.2 0.78503 -2.2593 2.9721 0 0 0
165.4 0.49513 -1.9983 2.3735 0 0 0
165.6 0.39084 -0.81644 1.8894 0 0 0
165.8 0.57647 1.7888 1.5309 0 0 0
166 0.15373 2.9722 0.56028 0 0 0
166.2 0.015644 3.9344 -0.003917 0 0 0
166.4 -0.15455 4.4569 -0.45438 0 0 0
166.6 0.046993 5.1651 -0.3012 0 0 0
166.8 0.15529 6.3906 -0.41272 0 0 0
167 0.02236 6.0067 -0.51513 0 0 0
167.2 0.066292 4.9738 -0.22667 0 0 0
167.4 0.17527 3.0277 0.47606 0 0 0
167.6 0.44348 1.0429 1.4562 0 0 0
167.8 0.70066 0.15884 2.141 0 0 0
168 0.87479 -1.1522 2.8447 0 0 0
168.2 0.80002 -2.5954 3.0629 0 0 0
168.4 0.71727 -3.9903 3.2808 0 0 0
168.6 0.68175 -3.5451 3.1007 0 0 0
168.8 0.79403 -2.5022 3.0414 0 0 0
169 0.8876 -1.4465 2.9118 0 0 0
169.2 0.6462 -0.35499 2.2023 0 0 0
169.4 0.41403 0.8858 1.4359 0 0 0
169.6 0.31825 2.2269 0.8827 0 0 0
169.8 0.31185 3.8623 0.45035 0 0 0
170 0.25141 4.9889 0.054316 0 0 0
170.2 0.10327 5.4128 -0.32173 0 0 0
170.4 -0.071911 5.428 -0.59535 0 0 0
170.6 -0.23877 5.6991 -0.87459 0 0 0
170.8 0.06651 6.7366 -0.73704 0 0 0
171 0.15405 6.8977 -0.64082 0 0 0
171.2 0.095923 6.0325 -0.49909 0 0 0
171.4 0.11474 4.6714 -0.062951 0 0 0
171.6 0.13828 2.8752 0.47423 0 0 0
171.8 0.50119 1.6213 1.3874 0 0 0
172 0.78963 0.83734 2.046 0 0 0
172.2 0.60099 -0.96805 2.2538 0 0 0
172.4 0.66707 -3.0566 2.9417 0 0 0
172.6 0.60108 -4.7727 3.3497 0 0 0
172.8 0.68524 -4.117 3.2799 0 0 0
173 0.9892 -2.7332 3.3201 0 0 0
173.2 0.85028 -2.458 3.0429 0 0 0
173.4 0.59359 -2.0124 2.5337 0 0 0
173.6 0.4465 -0.88911 1.9909 0 0 0
173.8 0.45739 1.1994 1.388 0 0 0
174 0.31216 3.0915 0.62833 0 0 0
174.2 0.091106 3.9233 0.08279 0 0 0
174.4 -0.16499 4.5663 -0.44736 0 0 0
174.6 -0.12085 5.0421 -0.52144 0 0 0
174.8 0.14085 6.2152 -0.55623 0 0 0
175 -0.089216 6.6898 -0.96509 0 0 0
175.2 -0.086598 6.2209 -0.82939 0 0 0
175.4 -0.069529 5.2081 -0.51562 0 0 0
175.6 0.33289 3.5497 0.49317 0 0 0
175.8 0.6173 2.9304 1.0201 0 0 0
176 0.757 1.5951 1.6057 0 0 0
176.2 0.51908 -0.41741 1.9495 0 0 0
176.4 0.46437 -2.1917 2.4369 0 0 0
176.6 0.41503 -3.7481 2.8841 0 0 0
176.8 0.55994 -4.1371 3.1756 0 0 0
177 0.59282 -3.4818 2.9916 0 0 0
177.2 0.45157 -1.0037 1.1193 0 0 0
177.4 0.07867 0.591 -0.001296 0 0 0
177.6 -0.40238 1.8744 -1.1811 0 0 0
177.8 -0.46054 2.4274 -1.4963 0 0 0
178 -0.57095 3.393 -2.0006 0 0 0
178.2 -0.24842 4.8837 -1.9875 0 0 0
178.4 -0.4855 4.9174 -2.3967 0 0 0
178.6 -0.56253 5.1292 -2.5989 0 0 0
178.8 -0.75621 5.208 -2.9544 0 0 0
179 -0.44555 5.558 -2.6067 0 0 0
179.2 -0.22361 5.4204 -2.1495 0 0 0
179.4 -0.047538 3.2646 -1.174 0 0 0
179.6 0.004214 0.787 -0.26202 0 0 0
179.8 0.16223 -1.0845 0.60843 0 0 0
180 0.72312 -2.1161 1.9091 0 0 0
180.2 0.9348 -4.0078 2.9142 0 0 0
180.4 0.79316 -6.7425 3.5659 0 0 0
180.6 0.773 -6.8386 3.548 0 0 0
180.8 0.83739 -5.8921 3.3566 0 0 0
181 0.62301 -3.474 2.2482 0 0 0
181.2 0.43416 -1.7456 1.3805 0 0 0
181.4 0.1712 -0.13864 0.34708 0 0 0
181.6 -0.15815 1.1059 -0.61161 0 0 0
181.8 -0.14304 2.5713 -1.1089 0 0 0
182 0.03788 4.3758 -1.3217 0 0 0
182.2 -0.24707 1.8069 -0.083264 0 0 0
182.4 -0.35513 1.9296 -0.095255 0 0 0
182.6 -0.27974 3.4507 -0.34503 0 0 0
182.8 -0.27185 4.7683 -0.64752 0 0 0
183 -0.33821 5.0636 -0.89759 0 0 0
183.2 -0.55894 5.0658 -1.2528 0 0 0
183.4 -0.60015 5.3983 -1.4158 0 0 0
183.6 -0.58829 6.5141 -1.6762 0 0 0
183.8 -0.42124 7.2732 -1.6121 0 0 0
184 -0.469 6.9733 -1.6011 0 0 0
184.2 -0.62818 5.9796 -1.5861 0 0 0
184.4 -0.37259 4.9824 -0.89987 0 0 0
184.6 -0.33754 4.3509 -0.65318 0 0 0
184.8 0.051284 3.2207 0.2586 0 0 0
185 -0.169 1.0719 0.55197 0 0 0
185.2 -0.10759 -1.1523 1.2375 0 0 0
185.4 -0.049896 -2.5012 1.6987 0 0 0
185.6 0.10169 -2.2549 1.8895 0 0 0
185.8 0.18837 -1.3536 1.8035 0 0 0
186 0.12078 -0.90884 1.5366 0 0 0
186.2 -0.090974 -0.69144 1.1532 0 0 0
186.4 -0.13467 0.67863 0.72543 0 0 0
186.6 -0.017396 2.8797 0.26285 0 0 0
186.8 -0.27289 4.1187 -0.45088 0 0 0
187 -0.51061 4.6138 -0.94851 0 0 0
187.2 -0.62201 4.7466 -1.1469 0 0 0
187.4 -0.45289 5.3624 -1.0988 0 0 0
187.6 -0.46457 6.5643 -1.4395 0 0 0
187.8 -0.3714 6.9894 -1.4253 0 0 0
188 -0.46592 6.9479 -1.5507 0 0 0
188.2 -0.67665 6.3391 -1.6484 0 0 0
188.4 -0.53033 5.8074 -1.2998 0 0 0
188.6 0.10482 5.6155 -0.38051 0 0 0
188.8 0.21709 4.5501 0.089298 0 0 0
189 0.15865 2.3288 0.68282 0 0 0
189.2 0.086934 0.14741 1.2433 0 0 0
189.4 0.083292 -1.5394 1.7367 0 0 0
189.6 0.41052 -2.7324 2.5235 0 0 0
189.8 0.55465 -3.4524 2.9171 0 0 0
190 0.33613 -3.5391 2.6772 0 0 0
190.2 0.33118 -3.4887 2.6564 0 0 0
190.4 0.45026 -2.7299 2.5702 0 0 0
190.6 0.80341 -0.70013 2.3632 0 0 0
190.8 0.70069 0.95413 1.7293 0 0 0
191 0.50849 2.0009 1.1619 0 0 0
191.2 0.18456 2.73 0.56507 0 0 0
191.4 -0.045653 3.8273 -0.031291 0 0 0
191.6 0.10647 5.6696 -0.46464 0 0 0
191.8 -0.35779 5.7748 -0.98707 0 0 0
192 -0.25901 5.9899 -0.96065 0 0 0
192.2 -0.53687 6.0031 -1.25 0 0 0
192.4 -0.1555 5.7758 -0.769 0 0 0
192.6 0.447 5.9406 -0.22756 0 0 0
192.8 0.37132 4.0283 0.30622 0 0 0
193 0.40911 2.0897 0.97959 0 0 0
193.2 0.37434 0.10792 1.608 0 0 0
193.4 0.44379 -1.3473 2.165 0 0 0
193.6 0.44403 -1.5778 2.2542 0 0 0
193.8 0.40125 -2.2665 2.4434 0 0 0
194 0.52784 -2.2918 2.5363 0 0 0
194.2 0.45895 -1.8458 2.3455 0 0 0
194.4 0.61516 -1.0679 2.1829 0 0 0
194.6 0.85732 1.3272 1.4911 0 0 0
194.8 0.66121 2.0836 1.0831 0 0 0
195 0.57239 2.7795 0.75973 0 0 0
195.2 0.27453 3.0247 0.49739 0 0 0
195.4 -0.074133 3.7498 0.036314 0 0 0
195.6 0.14996 5.503 -0.48573 0 0 0
195.8 -0.31127 6.1 -0.90871 0 0 0
196 -0.28639 6.1482 -0.9326 0 0 0
196.2 -0.19031 5.2756 -0.58228 0 0 0
196.4 0.17779 4.3082 -0.14085 0 0 0
196.6 0.47567 3.7249 0.13166 0 0 0
196.8 0.049739 2.5646 0.57594 0 0 0
197 0.38019 0.71266 1.3349 0 0 0
197.2 0.52288 -1.1032 2.1032 0 0 0
197.4 0.49734 -2.6445 2.7194 0 0 0
197.6 0.6169 -2.6564 2.711 0 0 0
197.8 0.40102 -1.6699 2.3994 0 0 0
198 0.63371 -1.5104 2.2059 0 0 0
198.2 0.61114 -1.1767 2.0128 0 0 0
198.4 0.63653 -0.079392 1.3116 0 0 0
198.6 0.48954 1.6212 0.52418 0 0 0
198.8 0.22095 3.5316 -0.21601 0 0 0
199 0.14055 3.9586 -0.27343 0 0 0
199.2 0.061883 4.1997 -0.27158 0 0 0
199.4 -0.015068 4.4446 -0.1724 0 0 0
199.6 -0.078936 5.1305 -0.30551 0 0 0
199.8 -0.21309 6.5603 -0.71497 0 0 0
200 -0.18918 6.4908 -0.65157 0 0 0
200.2 -0.15163 6.1853 -0.66361 0 0 0
200.4 -0.10287 5.6837 -0.69033 0 0 0
200.6 -0.048415 4.9556 -0.54232 0 0 0
200.8 -0.010086 4.6021 -0.10001 0 0 0
201 0.18315 2.5299 0.8275 0 0 0
201.2 0.3407 0.36952 1.4992 0 0 0
201.4 0.46641 -1.2937 2.1145 0 0 0
201.6 0.68402 -3.0226 3.1824 0 0 0
201.8 0.80487 -3.4779 3.7781 0 0 0
202 0.78367 -3.9497 3.6781 0 0 0
202.2 0.69624 -3.638 3.2238 0 0 0
