0 0.013456 0.19474 0.19102 0 0 0
0.2 0.053812 1.1309 -0.20704 0 0 0
0.4 0.29676 3.0049 -0.38185 0 0 0
0.6 0.043444 3.3438 -0.70574 0 0 0
0.8 -0.17703 3.6977 -1.2707 0 0 0
1 -0.165 3.706 -1.3504 0 0 0
1.2 -0.124 4.502 -1.4452 0 0 0
1.4 -0.0426 5.9241 -1.4776 0 0 0
1.6 0.04843 5.8541 -1.4917 0 0 0
1.8 -0.17257 5.4535 -1.7144 0 0 0
2 -0.25847 4.3975 -1.4337 0 0 0
2.2 0.087512 3.305 -0.89585 0 0 0
2.4 0.14928 2.9792 -0.48949 0 0 0
2.6 0.45737 1.2812 0.30136 0 0 0
2.8 0.3638 -0.93383 0.83674 0 0 0
3 0.21185 -3.008 1.3264 0 0 0
3.2 0.42638 -4.1145 1.8191 0 0 0
3.4 0.61322 -3.0923 1.9102 0 0 0
3.6 0.57871 -2.5657 1.8329 0 0 0
3.8 0.37076 -2.1671 1.4086 0 0 0
4 0.28502 -1.5243 1.0545 0 0 0
4.2 0.35526 0.05636 0.65531 0 0 0
4.4 0.49882 2.3091 0.059251 0 0 0
4.6 -0.018823 2.8082 -0.73943 0 0 0
4.8 -0.23648 3.4112 -1.0677 0 0 0
5 -0.16032 3.4399 -1.2159 0 0 0
5.2 -0.00051354 4.3751 -1.3636 0 0 0
5.4 -0.034722 5.8445 -1.563 0 0 0
5.6 0.095762 5.978 -1.5929 0 0 0
5.8 -0.036063 5.9243 -1.5087 0 0 0
6 0.088903 5.8666 -1.482 0 0 0
6.2 0.09343 5.9609 -1.5513 0 0 0
6.4 0.026245 5.9244 -1.5131 0 0 0
6.6 0.017043 5.9111 -1.5815 0 0 0
6.8 0.099547 5.8773 -1.5417 0 0 0
7 -0.065415 5.9817 -1.5744 0 0 0 
7.2 0.023461 5.954 -1.4719 0 0 0
7.4 0.04573 5.7916 -1.4887 0 0 0
7.6 0.068283 5.8178 -1.6085 0 0 0
7.8 -0.032431 5.886 -1.6237 0 0 0
8 -0.074056 5.9056 -1.5309 0 0 0
8.2 -0.050632 5.8481 -1.4886 0 0 0
8.4 0.075471 5.8772 -1.4702 0 0 0
8.6 0.11552 5.8691 -1.4932 0 0 0
8.8 -0.0010711 5.8169 -1.4598 0 0 0
9 0.12026 5.98 -1.6048 0 0 0
9.2 -0.013151 5.8615 -1.5971 0 0 0
9.4 -0.050998 5.9569 -1.461 0 0 0
9.6 -0.0014793 5.7977 -1.545 0 0 0
9.8 0.034097 5.8742 -1.5999 0 0 0
10 0.048337 5.8046 -1.4924 0 0 0
10.2 0.029891 5.8522 -1.4606 0 0 0
10.4 -0.015431 5.9787 -1.4778 0 0 0
10.6 -0.046565 5.9604 -1.4688 0 0 0
10.8 -0.047907 5.8242 -1.5297 0 0 0
11 -0.05104 5.8966 -1.5954 0 0 0
11.2 0.063531 5.8484 -1.5313 0 0 0
11.4 0.014543 5.97 -1.4687 0 0 0
11.6 -0.055776 5.8057 -1.5943 0 0 0
11.8 0.061746 5.947 -1.494 0 0 0
12 -0.042433 5.8243 -1.4648 0 0 0
12.2 0.082304 5.9335 -1.5431 0 0 0
12.4 0.024361 5.8359 -1.5453 0 0 0
12.6 0.031258 5.8309 -1.4488 0 0 0
12.8 -0.036861 5.8327 -1.5117 0 0 0
13 0.078488 5.9848 -1.4761 0 0 0
13.2 0.026868 5.8658 -1.557 0 0 0
13.4 0.035775 5.9165 -1.5731 0 0 0
13.6 0.0059782 5.7988 -1.5616 0 0 0
13.8 0.065801 5.8359 -1.4936 0 0 0
14 -0.063802 5.9644 -1.5987 0 0 0
14.2 0.040542 5.8815 -1.5394 0 0 0
14.4 0.093965 5.7901 -1.6132 0 0 0
14.6 0.01133 5.8825 -1.6094 0 0 0
14.8 0.052085 5.9543 -1.4479 0 0 0
15 -0.017735 5.9638 -1.5112 0 0 0
15.2 0.043058 5.8497 -1.5496 0 0 0
15.4 -0.02265 5.8367 -1.4958 0 0 0
15.6 0.081482 5.9558 -1.5314 0 0 0
15.8 0.080804 5.877 -1.5069 0 0 0
16 0.11239 5.8909 -1.4817 0 0 0
16.2 0.010438 5.8266 -1.5138 0 0 0
16.4 0.012947 5.8198 -1.5369 0 0 0
16.6 0.041533 5.9708 -1.5403 0 0 0
16.8 0.090094 5.988 -1.6153 0 0 0
17 -0.07219 5.8675 -1.454 0 0 0
17.2 -0.040976 5.9548 -1.5508 0 0 0
17.4 0.11029 5.9803 -1.552 0 0 0
17.6 0.11115 5.9682 -1.6315 0 0 0
17.8 0.012167 5.9577 -1.5353 0 0 0
18 0.083737 5.9261 -1.4446 0 0 0
18.2 0.10735 5.8238 -1.5823 0 0 0
18.4 0.056113 5.837 -1.4887 0 0 0
18.6 -0.0039635 5.8763 -1.614 0 0 0
18.8 0.0027091 5.7945 -1.4835 0 0 0
19 0.0093348 5.8432 -1.4842 0 0 0
19.2 0.0573 5.9855 -1.5292 0 0 0
19.4 0.014584 5.852 -1.6035 0 0 0
19.6 0.11222 5.9038 -1.4513 0 0 0
19.8 -0.0074904 5.9118 -1.5957 0 0 0
20 -0.010626 5.9698 -1.6334 0 0 0
20.2 0.10074 5.8687 -1.517 0 0 0
20.4 0.030657 5.928 -1.5159 0 0 0
20.6 0.071427 5.8304 -1.5436 0 0 0
20.8 -0.053455 5.802 -1.5181 0 0 0
21 0.012217 5.9139 -1.4927 0 0 0
21.2 -0.06348 5.9271 -1.5557 0 0 0
21.4 0.054238 5.8488 -1.5178 0 0 0
21.6 0.0623 5.9038 -1.5522 0 0 0
21.8 0.10536 5.8527 -1.613 0 0 0
22 0.053584 5.9514 -1.5674 0 0 0
22.2 0.059591 5.8626 -1.528 0 0 0
22.4 0.092315 5.9292 -1.6119 0 0 0
22.6 0.01515 5.9161 -1.6211 0 0 0
22.8 0.013266 5.9824 -1.5795 0 0 0
23 0.082791 5.8296 -1.502 0 0 0
23.2 0.086523 5.9091 -1.5459 0 0 0
23.4 -0.040343 5.8062 -1.5375 0 0 0
23.6 -0.073295 5.8983 -1.6257 0 0 0
23.8 -0.067067 5.9587 -1.6226 0 0 0
24 -0.049843 5.7976 -1.5698 0 0 0
24.2 -0.044146 5.8553 -1.5701 0 0 0
24.4 0.046739 5.9313 -1.4404 0 0 0
24.6 -0.072527 5.9615 -1.487 0 0 0
24.8 0.016036 5.8896 -1.508 0 0 0
25 0.057259 5.9884 -1.4608 0 0 0
25.2 -0.055472 5.8752 -1.535 0 0 0
25.4 0.037682 5.8656 -1.4808 0 0 0
25.6 -0.087919 5.5433 -1.4577 0 0 0
25.8 -0.090195 5.4099 -1.5466 0 0 0
26 -0.29176 4.8056 -1.6741 0 0 0
26.2 0.22416 4.4091 -0.89445 0 0 0
26.4 0.59013 4.3664 -0.28373 0 0 0
26.6 0.63699 2.4605 0.16866 0 0 0
26.8 0.57179 0.29267 0.84478 0 0 0
27 0.46168 -1.8156 1.3274 0 0 0
27.2 0.73635 -3.4359 2.0496 0 0 0
27.4 0.90391 -4.12 2.4996 0 0 0
27.6 1.0531 -4.947 2.9801 0 0 0
27.8 0.70848 -4.7802 2.7878 0 0 0
28 0.78765 -4.6483 2.5008 0 0 0
28.2 0.98366 -3.6584 2.6466 0 0 0
28.4 1.1371 -0.9025 2.1413 0 0 0
28.6 0.81612 0.081461 1.2977 0 0 0
28.8 0.69891 0.962 0.85343 0 0 0
29 0.3749 1.5508 0.3424 0 0 0
29.2 0.36749 2.905 -0.24556 0 0 0
29.4 0.34638 4.4522 -0.73272 0 0 0
29.6 0.016094 4.5804 -1.1656 0 0 0
29.8 0.058066 4.7543 -1.1693 0 0 0
30 -0.063847 4.5553 -1.3072 0 0 0
30.2 0.36385 4.4653 -0.6478 0 0 0
30.4 0.76997 3.9779 -0.044325 0 0 0
30.6 0.72925 2.0128 0.57724 0 0 0
30.8 0.86508 -0.025911 1.2855 0 0 0
31 0.7084 -1.8538 1.8323 0 0 0
31.2 0.79213 -2.7132 2.2304 0 0 0
31.4 0.83932 -3.2193 2.4003 0 0 0
31.6 0.83256 -3.467 2.3578 0 0 0
31.8 0.97433 -3.5702 2.5332 0 0 0
32 0.99006 -2.8707 2.2702 0 0 0
32.2 0.97013 -1.6287 1.9851 0 0 0
32.4 1.2929 0.47976 1.2479 0 0 0
32.6 0.88084 1.0723 0.77357 0 0 0
32.8 0.75474 1.5057 0.54092 0 0 0
33 0.47143 1.8431 0.28601 0 0 0
33.2 0.37086 2.8622 -0.11315 0 0 0
33.4 0.5578 4.6318 -0.71987 0 0 0
33.6 0.63161 4.577 -0.64375 0 0 0
33.8 0.48426 4.6787 -0.70356 0 0 0
34 0.54132 4.5371 -0.65347 0 0 0
34.2 0.46619 4.5628 -0.60878 0 0 0
34.4 0.53059 4.7001 -0.63058 0 0 0
34.6 0.59886 4.6436 -0.78671 0 0 0
34.8 0.47341 4.6631 -0.60144 0 0 0
35 0.58782 4.6747 -0.61708 0 0 0
35.2 0.51367 4.5222 -0.66692 0 0 0
35.4 0.5741 4.5955 -0.79249 0 0 0
35.6 0.48476 4.6577 -0.59923 0 0 0
35.8 0.54166 4.5404 -0.71757 0 0 0
36 0.45692 4.6391 -0.71475 0 0 0
36.2 0.50019 4.5619 -0.69262 0 0 0
36.4 0.50712 4.6806 -0.68435 0 0 0
36.6 0.55666 4.6799 -0.6029 0 0 0
36.8 0.4974 4.6032 -0.6236 0 0 0
37 0.52361 4.5915 -0.69934 0 0 0
37.2 0.60395 4.7049 -0.61911 0 0 0
37.4 0.53711 4.5142 -0.7167 0 0 0
37.6 0.46554 4.5922 -0.78484 0 0 0
37.8 0.53239 4.6101 -0.73319 0 0 0
38 0.54928 4.6362 -0.73064 0 0 0
38.2 0.61945 4.5266 -0.70242 0 0 0
38.4 0.51511 4.5411 -0.69705 0 0 0
38.6 0.61874 4.6434 -0.65333 0 0 0
38.8 0.56752 4.5562 -0.72122 0 0 0
39 0.46526 4.5364 -0.60639 0 0 0
39.2 0.50639 4.5212 -0.74104 0 0 0
39.4 0.57221 4.5457 -0.6456 0 0 0
39.6 0.55033 4.6148 -0.61286 0 0 0
39.8 0.49412 4.686 -0.67777 0 0 0
40 0.50219 4.6658 -0.61338 0 0 0
40.2 0.61042 4.5395 -0.78334 0 0 0
40.4 0.57785 4.5255 -0.68333 0 0 0
40.6 0.48321 4.647 -0.79408 0 0 0
40.8 0.59761 4.609 -0.76405 0 0 0
41 0.53469 4.6116 -0.71318 0 0 0
41.2 0.54686 4.5753 -0.74799 0 0 0
41.4 0.59584 4.5773 -0.68761 0 0 0
41.6 0.53463 4.6944 -0.73236 0 0 0
41.8 0.45726 4.6026 -0.65295 0 0 0
42 0.46931 4.6623 -0.67726 0 0 0
42.2 0.5726 4.5496 -0.74684 0 0 0
42.4 0.54359 4.5295 -0.78187 0 0 0
42.6 0.63971 4.554 -0.794 0 0 0
42.8 0.47336 4.6243 -0.75686 0 0 0
43 0.52947 4.6449 -0.69644 0 0 0
43.2 0.56358 4.7004 -0.67138 0 0 0
43.4 0.47672 4.5206 -0.77012 0 0 0
43.6 0.63528 4.5453 -0.76807 0 0 0
43.8 0.58104 4.6002 -0.73184 0 0 0
44 0.63547 4.5777 -0.77711 0 0 0
44.2 0.5805 4.5305 -0.71292 0 0 0
44.4 0.45723 4.6746 -0.73821 0 0 0
44.6 0.51768 4.5925 -0.66856 0 0 0
44.8 0.47676 4.6436 -0.75073 0 0 0
45 0.58028 4.6259 -0.66383 0 0 0
45.2 0.46653 4.5132 -0.75598 0 0 0
45.4 0.58918 4.6428 -0.77576 0 0 0
45.6 0.54987 4.576 -0.611 0 0 0
45.8 0.51549 4.5657 -0.68303 0 0 0
46 0.55765 4.6046 -0.71115 0 0 0
46.2 0.59579 4.6372 -0.77259 0 0 0
46.4 0.61711 4.6729 -0.68413 0 0 0
46.6 0.51755 4.6248 -0.77242 0 0 0
46.8 0.51665 4.5175 -0.74747 0 0 0
47 0.52338 4.6713 -0.76695 0 0 0
47.2 0.58765 4.5672 -0.72903 0 0 0
47.4 0.6266 4.6771 -0.72539 0 0 0
47.6 0.60674 4.6503 -0.60893 0 0 0
47.8 0.62955 4.6333 -0.61701 0 0 0
48 0.62863 4.5899 -0.63667 0 0 0
48.2 0.48894 4.5257 -0.77978 0 0 0
48.4 0.62443 4.7123 -0.71072 0 0 0
48.6 0.6463 4.6448 -0.71533 0 0 0
48.8 0.60843 4.5584 -0.71209 0 0 0
49 0.62939 4.531 -0.59989 0 0 0
49.2 0.46787 4.5608 -0.7471 0 0 0
49.4 0.58374 4.6931 -0.77296 0 0 0
49.6 0.5192 4.556 -0.63467 0 0 0
49.8 0.58245 4.6085 -0.78571 0 0 0
50 0.63034 4.6944 -0.60269 0 0 0
50.2 0.52911 4.5513 -0.63435 0 0 0
50.4 0.60773 4.6022 -0.60256 0 0 0
50.6 0.488 4.6361 -0.64153 0 0 0
50.8 0.55833 4.6314 -0.67303 0 0 0
51 0.57988 4.6457 -0.59687 0 0 0
51.2 0.59717 4.5661 -0.68217 0 0 0
51.4 0.51566 4.5973 -0.6955 0 0 0
51.6 0.50712 4.6724 -0.74407 0 0 0
51.8 0.63759 4.699 -0.75548 0 0 0
52 0.57739 4.6065 -0.69613 0 0 0
52.2 0.47302 4.5738 -0.6525 0 0 0
52.4 0.57992 4.6004 -0.59715 0 0 0
52.6 0.49279 4.5739 -0.72775 0 0 0
52.8 0.60978 4.5676 -0.75064 0 0 0
53 0.62729 4.5403 -0.72562 0 0 0
53.2 0.5211 4.5459 -0.77636 0 0 0
53.4 0.42251 4.6508 -0.724 0 0 0
53.6 0.096173 4.6828 -0.98949 0 0 0
53.8 0.12885 4.5551 -0.75159 0 0 0
54 0.27629 3.4007 -0.41265 0 0 0
54.2 0.65491 2.4595 0.12686 0 0 0
54.4 0.48382 2.238 0.083093 0 0 0
54.6 0.51735 0.40737 1.0094 0 0 0
54.8 0.67954 -1.5541 1.7419 0 0 0
55 0.97304 -3.3144 2.3693 0 0 0
55.2 0.97753 -4.444 2.8388 0 0 0
55.4 0.88137 -3.2396 2.3369 0 0 0
55.6 0.81485 -2.9465 2.2994 0 0 0
55.8 1.0481 -2.8288 2.0789 0 0 0
56 1.0366 -2.1137 1.6518 0 0 0
56.2 1.0025 -0.60972 0.95406 0 0 0
56.4 0.79036 1.6482 -0.017542 0 0 0
56.6 0.46745 2.3563 -0.17409 0 0 0
56.8 0.48786 2.819 -0.32361 0 0 0
57 0.43103 3.071 -0.34466 0 0 0
57.2 0.26909 3.5279 -0.29008 0 0 0
57.4 0.22858 4.8679 -0.65073 0 0 0
57.6 0.26602 5.1134 -0.5751 0 0 0
57.8 0.16728 5.2093 -0.75551 0 0 0
58 0.20476 4.5536 -0.49753 0 0 0
58.2 0.25003 3.9865 -0.73551 0 0 0
58.4 0.36132 3.6749 -0.73998 0 0 0
58.6 0.39626 2.231 0.38417 0 0 0
58.8 0.6015 0.042305 1.0063 0 0 0
59 0.87472 -1.6447 1.5386 0 0 0
59.2 1.013 -3.6456 2.408 0 0 0
59.4 1.0542 -4.4436 3.2643 0 0 0
59.6 1.2617 -5.3085 3.7815 0 0 0
59.8 1.092 -5.0222 3.4771 0 0 0
60 1.1053 -4.8667 3.0705 0 0 0
60.2 1.0354 -3.8929 2.4699 0 0 0
60.4 0.93737 -1.8858 1.9444 0 0 0
60.6 0.62872 -0.70335 1.2625 0 0 0
60.8 0.3966 0.66301 0.19782 0 0 0
61 0.2879 1.64 -0.38809 0 0 0
61.2 0.40009 2.6211 -0.17826 0 0 0
61.4 0.35936 4.3259 -0.47053 0 0 0
61.6 0.34004 4.4125 -0.48754 0 0 0
61.8 0.32324 4.306 -0.48185 0 0 0
62 0.28242 4.4358 -0.46691 0 0 0
62.2 0.35611 4.303 -0.43531 0 0 0
62.4 0.30033 4.4597 -0.46804 0 0 0
62.6 0.34693 4.4136 -0.44365 0 0 0
62.8 0.4513 4.2959 -0.50113 0 0 0
63 0.36945 4.4397 -0.45886 0 0 0
63.2 0.45001 4.4554 -0.55283 0 0 0
63.4 0.28557 4.3819 -0.41287 0 0 0
63.6 0.46579 4.3488 -0.53783 0 0 0
63.8 0.28647 4.3574 -0.51687 0 0 0
64 0.32981 4.4094 -0.5275 0 0 0
64.2 0.42426 4.3211 -0.39462 0 0 0
64.4 0.38766 4.2748 -0.54971 0 0 0
64.6 0.36037 4.4587 -0.5686 0 0 0
64.8 0.32681 4.4683 -0.44941 0 0 0
65 0.29382 4.425 -0.56896 0 0 0
65.2 0.32619 4.4669 -0.54829 0 0 0
65.4 0.30051 4.3666 -0.46676 0 0 0
65.6 0.3306 4.2947 -0.44623 0 0 0
65.8 0.28915 4.3619 -0.41006 0 0 0
66 0.4336 4.4176 -0.46764 0 0 0
66.2 0.4615 4.4037 -0.41568 0 0 0
66.4 0.31084 4.4439 -0.45298 0 0 0
66.6 0.4084 4.4207 -0.43117 0 0 0
66.8 0.27499 4.3925 -0.48084 0 0 0
67 0.39044 4.324 -0.58728 0 0 0
67.2 0.40106 4.3363 -0.54845 0 0 0
67.4 0.27462 4.4362 -0.50042 0 0 0
67.6 0.26785 4.3462 -0.47651 0 0 0
67.8 0.29568 4.2851 -0.51114 0 0 0
68 0.43967 4.4422 -0.4588 0 0 0
68.2 0.32239 4.3561 -0.47103 0 0 0
68.4 0.37352 4.3035 -0.4349 0 0 0
68.6 0.37163 4.2699 -0.55324 0 0 0
68.8 0.38071 4.3996 -0.48755 0 0 0
69 0.33379 4.343 -0.51163 0 0 0
69.2 0.34987 4.3443 -0.39273 0 0 0
69.4 0.35005 4.3573 -0.40095 0 0 0
69.6 0.46397 4.3723 -0.40962 0 0 0
69.8 0.27873 4.3291 -0.49946 0 0 0
70 0.34649 4.3647 -0.43786 0 0 0
70.2 0.42545 4.2703 -0.40629 0 0 0
70.4 0.38602 4.3034 -0.51351 0 0 0
70.6 0.3291 4.3298 -0.56491 0 0 0
70.8 0.44754 4.418 -0.48314 0 0 0
71 0.28581 4.3852 -0.51994 0 0 0
71.2 0.33099 4.4093 -0.41829 0 0 0
71.4 0.44458 4.43 -0.55092 0 0 0
71.6 0.39867 4.4395 -0.54642 0 0 0
71.8 0.40409 4.2926 -0.48208 0 0 0
72 0.36197 4.4005 -0.57131 0 0 0
72.2 0.29543 4.4197 -0.54002 0 0 0
72.4 0.45737 4.4095 -0.46126 0 0 0
72.6 0.44371 4.3901 -0.56595 0 0 0
72.8 0.35467 4.2767 -0.4667 0 0 0
73 0.43418 4.3081 -0.41022 0 0 0
73.2 0.33221 4.3352 -0.49003 0 0 0
73.4 0.34071 4.3976 -0.52547 0 0 0
73.6 0.42615 4.3125 -0.43574 0 0 0
73.8 0.28705 4.2844 -0.39726 0 0 0
74 0.45754 4.4652 -0.45899 0 0 0
74.2 0.26748 4.3104 -0.49111 0 0 0
74.4 0.32626 4.4657 -0.50053 0 0 0
74.6 0.27687 4.3911 -0.55089 0 0 0
74.8 0.35573 4.3187 -0.49954 0 0 0
75 0.42515 4.3727 -0.49055 0 0 0
75.2 0.44989 4.4116 -0.41594 0 0 0
75.4 0.37383 4.321 -0.44488 0 0 0
75.6 0.428 4.292 -0.4641 0 0 0
75.8 0.37972 4.379 -0.57021 0 0 0
76 0.41736 4.3128 -0.56582 0 0 0
76.2 0.26903 4.3315 -0.47305 0 0 0
76.4 0.36254 4.4637 -0.49584 0 0 0
76.6 0.31725 4.3309 -0.47908 0 0 0
76.8 0.32877 4.4583 -0.58057 0 0 0
77 0.46057 4.3512 -0.47231 0 0 0
77.2 0.30894 4.2711 -0.46237 0 0 0
77.4 0.37128 4.3311 -0.49178 0 0 0
77.6 0.31229 4.3001 -0.55606 0 0 0
77.8 0.38062 4.4679 -0.43729 0 0 0
78 0.46682 4.3591 -0.42947 0 0 0
78.2 0.29356 4.3781 -0.5299 0 0 0
78.4 0.45812 4.3215 -0.48665 0 0 0
78.6 0.29196 4.4456 -0.54057 0 0 0
78.8 0.30443 4.2897 -0.54963 0 0 0
79 0.39648 4.4338 -0.42643 0 0 0
79.2 0.29282 4.3545 -0.57483 0 0 0
79.4 0.28345 4.4531 -0.549 0 0 0
79.6 0.39903 4.3747 -0.39321 0 0 0
79.8 0.27266 4.4432 -0.47315 0 0 0
80 0.46422 4.3396 -0.47153 0 0 0
80.2 0.37505 4.3491 -0.39816 0 0 0
80.4 0.34195 4.3887 -0.56816 0 0 0
80.6 0.40853 4.4514 -0.41242 0 0 0
80.8 0.45667 4.2957 -0.40988 0 0 0
81 0.34364 4.2775 -0.54536 0 0 0
81.2 0.40577 4.3493 -0.55478 0 0 0
81.4 0.34624 4.8948 -0.64201 0 0 0
81.6 0.46332 5.1929 -0.53812 0 0 0
81.8 0.33788 5.0186 -0.84586 0 0 0
82 0.20648 4.5259 -0.94396 0 0 0
82.2 0.48882 3.5701 -0.27966 0 0 0
82.4 0.49904 2.9949 0.15495 0 0 0
82.6 0.80661 0.83903 1.1417 0 0 0
82.8 0.94893 -0.99996 1.7508 0 0 0
83 0.87841 -2.9286 2.3821 0 0 0
83.2 1.1919 -4.1469 3.0391 0 0 0
83.4 1.4812 -4.5165 3.9912 0 0 0
83.6 1.2673 -4.4705 3.5284 0 0 0
83.8 1.1126 -4.4218 3.1496 0 0 0
84 1.1485 -3.9111 2.7882 0 0 0
84.2 0.95089 -2.5804 2.0744 0 0 0
84.4 0.8648 -0.25284 1.4101 0 0 0
84.6 0.52496 0.87148 0.7476 0 0 0
84.8 0.22026 1.8506 -0.091581 0 0 0
85 0.36945 2.7262 -0.22242 0 0 0
85.2 0.3824 4.1556 -0.45992 0 0 0
85.4 0.30389 5.5236 -0.93353 0 0 0
85.6 0.41979 5.7422 -0.88166 0 0 0
85.8 0.28805 5.6409 -1.1091 0 0 0
86 0.35787 5.401 -0.84177 0 0 0
86.2 0.3798 5.1006 -0.71892 0 0 0
86.4 0.5337 4.204 0.08681 0 0 0
86.6 0.68909 2.1192 0.78877 0 0 0
86.8 0.76619 0.052836 1.2847 0 0 0
87 0.90742 -1.873 2.1707 0 0 0
87.2 1.163 -3.409 2.8415 0 0 0
87.4 1.3469 -3.4973 3.495 0 0 0
87.6 1.2044 -3.4795 3.2122 0 0 0
87.8 1.0624 -3.4024 2.6902 0 0 0
88 0.81818 -2.9872 2.0595 0 0 0
88.2 0.78098 -1.1896 1.6557 0 0 0
88.4 0.86438 1.1194 1.1918 0 0 0
88.6 0.6287 2.1052 0.43855 0 0 0
88.8 0.51044 2.9271 -0.16376 0 0 0
89 0.3281 3.3168 -0.30396 0 0 0
89.2 0.5493 4.2577 -0.18586 0 0 0
89.4 0.49607 5.3182 -0.50012 0 0 0
89.6 0.54892 5.335 -0.48721 0 0 0
89.8 0.52476 5.2475 -0.50483 0 0 0
90 0.51539 5.188 -0.49207 0 0 0
90.2 0.64578 5.2217 -0.57713 0 0 0
90.4 0.53937 5.327 -0.49743 0 0 0
90.6 0.53531 5.356 -0.56132 0 0 0
90.8 0.578 5.2823 -0.57386 0 0 0
91 0.47313 5.3562 -0.47126 0 0 0
91.2 0.50048 5.2881 -0.46023 0 0 0
91.4 0.60415 5.3662 -0.43472 0 0 0
91.6 0.57446 5.3211 -0.5311 0 0 0
91.8 0.49948 5.2058 -0.43723 0 0 0
92 0.62813 5.272 -0.43983 0 0 0
92.2 0.54418 5.2967 -0.48173 0 0 0
92.4 0.56838 5.3424 -0.40393 0 0 0
92.6 0.56502 5.2887 -0.42661 0 0 0
92.8 0.49645 5.3686 -0.48351 0 0 0
93 0.47577 5.1945 -0.43018 0 0 0
93.2 0.55225 5.2273 -0.44908 0 0 0
93.4 0.46554 5.264 -0.38686 0 0 0
93.6 0.54643 5.1945 -0.55907 0 0 0
93.8 0.571 5.2143 -0.40862 0 0 0
94 0.58719 5.2048 -0.46891 0 0 0
94.2 0.46627 5.303 -0.55845 0 0 0
94.4 0.60141 5.2338 -0.38842 0 0 0
94.6 0.49329 5.3267 -0.41449 0 0 0
94.8 0.57811 5.2778 -0.57002 0 0 0
95 0.58104 5.2147 -0.52687 0 0 0
95.2 0.6139 5.306 -0.50056 0 0 0
95.4 0.47068 5.1784 -0.45712 0 0 0
95.6 0.63037 5.2832 -0.39866 0 0 0
95.8 0.53629 5.3674 -0.49945 0 0 0
96 0.53935 5.2412 -0.44018 0 0 0
96.2 0.52451 5.2804 -0.38831 0 0 0
96.4 0.57051 5.3541 -0.49539 0 0 0
96.6 0.51851 5.2206 -0.45541 0 0 0
96.8 0.53265 5.3351 -0.40217 0 0 0
97 0.52924 5.2037 -0.40817 0 0 0
97.2 0.58547 5.3446 -0.55394 0 0 0
97.4 0.59232 5.2246 -0.54236 0 0 0
97.6 0.65785 5.3385 -0.4583 0 0 0
97.8 0.6483 5.33 -0.42748 0 0 0
98 0.5295 5.2065 -0.53312 0 0 0
98.2 0.49803 5.3643 -0.50859 0 0 0
98.4 0.64334 5.2194 -0.51426 0 0 0
98.6 0.51717 5.3243 -0.49121 0 0 0
98.8 0.5696 5.3308 -0.54832 0 0 0
99 0.64329 5.2682 -0.43336 0 0 0
99.2 0.47744 5.3518 -0.56289 0 0 0
99.4 0.51097 5.1888 -0.40443 0 0 0
99.6 0.54484 5.1958 -0.56607 0 0 0
99.8 0.57497 5.3403 -0.42618 0 0 0
100 0.63933 5.1724 -0.41275 0 0 0
100.2 0.50307 5.3143 -0.49231 0 0 0
100.4 0.65284 5.332 -0.46142 0 0 0
100.6 0.54623 5.1919 -0.51159 0 0 0
100.8 0.61639 5.2663 -0.43066 0 0 0
101 0.56448 5.2381 -0.4646 0 0 0
101.2 0.52568 5.3234 -0.46017 0 0 0
101.4 0.54575 5.2257 -0.41385 0 0 0
101.6 0.60301 5.3335 -0.49109 0 0 0
101.8 0.64267 5.2032 -0.40593 0 0 0
102 0.63743 5.3414 -0.48377 0 0 0
102.2 0.48637 5.3538 -0.45791 0 0 0
102.4 0.48341 5.2069 -0.47005 0 0 0
102.6 0.63812 5.1787 -0.43815 0 0 0
102.8 0.59005 5.2783 -0.47313 0 0 0
103 0.46748 5.1705 -0.4256 0 0 0
103.2 0.56037 5.3343 -0.49321 0 0 0
103.4 0.63832 5.3503 -0.4001 0 0 0
103.6 0.53657 5.3097 -0.56517 0 0 0
103.8 0.51784 5.2173 -0.3827 0 0 0
104 0.50624 5.2865 -0.43697 0 0 0
104.2 0.49962 5.3564 -0.4708 0 0 0
104.4 0.53549 5.3477 -0.55392 0 0 0
104.6 0.57839 5.2899 -0.41496 0 0 0
104.8 0.51311 5.3271 -0.43743 0 0 0
105 0.58392 5.3359 -0.49901 0 0 0
105.2 0.62034 5.2807 -0.52785 0 0 0
105.4 0.48022 5.1688 -0.51954 0 0 0
105.6 0.60528 5.2189 -0.46614 0 0 0
105.8 0.58915 5.255 -0.44461 0 0 0
106 0.55436 5.2548 -0.40971 0 0 0
106.2 0.64601 5.3437 -0.54031 0 0 0
106.4 0.47872 5.1822 -0.48113 0 0 0
106.6 0.57925 5.2366 -0.49747 0 0 0
106.8 0.50614 5.204 -0.53454 0 0 0
107 0.46589 5.2178 -0.43098 0 0 0
107.2 0.5754 5.3142 -0.4241 0 0 0
107.4 0.62787 5.2263 -0.50531 0 0 0
107.6 0.57081 5.2161 -0.51887 0 0 0
107.8 0.62741 5.1966 -0.4863 0 0 0
108 0.50042 5.2128 -0.52678 0 0 0
108.2 0.58368 5.3321 -0.55088 0 0 0
108.4 0.49423 5.2443 -0.5034 0 0 0
108.6 0.51734 5.3017 -0.52539 0 0 0
108.8 0.46313 5.3558 -0.53387 0 0 0
109 0.59973 5.2539 -0.45398 0 0 0
109.2 0.64985 5.2897 -0.3911 0 0 0
109.4 0.52783 5.3015 -0.66116 0 0 0
109.6 0.53744 4.2173 -0.25752 0 0 0
109.8 0.49186 2.6396 0.10816 0 0 0
110 0.54463 0.66616 0.70856 0 0 0
110.2 0.98385 -0.9479 1.9882 0 0 0
110.4 1.1435 -1.5639 2.4357 0 0 0
110.6 1.271 -3.218 2.7761 0 0 0
110.8 0.98662 -4.9186 3.061 0 0 0
111 1.1992 -5.2865 3.2487 0 0 0
111.2 1.0276 -4.6138 2.9146 0 0 0
111.4 1.3417 -3.0423 3.0887 0 0 0
111.6 1.1409 -2.3655 2.5331 0 0 0
111.8 0.61323 -1.125 1.3882 0 0 0
112 0.67898 0.3304 0.95879 0 0 0
112.2 0.83875 1.6571 0.82772 0 0 0
112.4 0.80333 3.5948 0.22559 0 0 0
112.6 0.58824 3.9037 -0.052981 0 0 0
112.8 0.50932 4.0975 -0.47428 0 0 0
113 0.21106 4.2058 -0.76411 0 0 0
113.2 0.22631 4.793 -0.78194 0 0 0
113.4 0.52822 6.0336 -0.65565 0 0 0
113.6 0.43104 5.1342 -0.55874 0 0 0
113.8 0.51673 4.2605 -0.3295 0 0 0
114 0.4619 2.3234 0.27442 0 0 0
114.2 0.87532 0.89874 1.157 0 0 0
114.4 1.3356 0.27669 2.1276 0 0 0
114.6 1.0867 -1.4976 2.0874 0 0 0
114.8 1.0825 -3.3087 2.584 0 0 0
115 0.9234 -5.3606 2.9526 0 0 0
115.2 1.1803 -6.0001 3.5339 0 0 0
115.4 1.387 -4.3571 3.4023 0 0 0
115.6 1.4918 -3.8104 3.3604 0 0 0
115.8 1.1165 -3.6334 2.8123 0 0 0
116 0.81204 -2.9002 2.1945 0 0 0
116.2 0.84254 -1.4415 1.6745 0 0 0
116.4 0.90335 1.2602 1.0962 0 0 0
116.6 0.48289 2.3001 0.2178 0 0 0
116.8 0.25471 3.0969 -0.327 0 0 0
117 0.32705 3.5503 -0.52039 0 0 0
117.2 0.26839 4.1247 -0.57257 0 0 0
117.4 0.48819 5.1214 -0.67953 0 0 0
117.6 0.65365 5.1956 -0.55037 0 0 0
117.8 0.52901 5.1098 -0.67815 0 0 0
118 0.59544 5.1924 -0.69493 0 0 0
118.2 0.60504 5.0192 -0.70812 0 0 0
118.4 0.51267 5.0402 -0.71235 0 0 0
118.6 0.66466 5.1626 -0.5209 0 0 0
118.8 0.60569 5.0926 -0.53678 0 0 0
119 0.58093 5.0932 -0.70445 0 0 0
119.2 0.64646 5.1348 -0.58034 0 0 0
119.4 0.58408 5.0192 -0.51906 0 0 0
119.6 0.47695 5.092 -0.67033 0 0 0
119.8 0.5692 5.0258 -0.69757 0 0 0
120 0.63426 5.1524 -0.64261 0 0 0
120.2 0.61987 5.1185 -0.56775 0 0 0
120.4 0.58713 5.0297 -0.59396 0 0 0
120.6 0.47446 5.0957 -0.62411 0 0 0
120.8 0.61632 5.1005 -0.53183 0 0 0
121 0.56255 5.1463 -0.71375 0 0 0
121.2 0.60459 5.0581 -0.61237 0 0 0
121.4 0.62331 5.0307 -0.68549 0 0 0
121.6 0.63361 5.108 -0.61346 0 0 0
121.8 0.4785 5.1602 -0.60074 0 0 0
122 0.62863 5.1372 -0.58595 0 0 0
122.2 0.58614 5.1946 -0.673 0 0 0
122.4 0.48789 5.065 -0.64635 0 0 0
122.6 0.52299 5.0585 -0.64889 0 0 0
122.8 0.49936 5.0616 -0.59139 0 0 0
123 0.58556 5.1765 -0.59615 0 0 0
123.2 0.58086 5.1549 -0.5768 0 0 0
123.4 0.48645 5.1901 -0.6811 0 0 0
123.6 0.67035 5.1566 -0.58394 0 0 0
123.8 0.52289 5.1467 -0.56066 0 0 0
124 0.53576 5.1024 -0.63523 0 0 0
124.2 0.5328 5.127 -0.63513 0 0 0
124.4 0.48107 5.2125 -0.57596 0 0 0
124.6 0.57825 5.2059 -0.66685 0 0 0
124.8 0.52387 5.0818 -0.52461 0 0 0
125 0.55441 5.0455 -0.68724 0 0 0
125.2 0.66217 5.0979 -0.61208 0 0 0
125.4 0.65652 5.1253 -0.7061 0 0 0
125.6 0.49692 5.0204 -0.6519 0 0 0
125.8 0.59106 5.1878 -0.65003 0 0 0
126 0.5446 5.1933 -0.52472 0 0 0
126.2 0.61653 5.1139 -0.67292 0 0 0
126.4 0.57738 5.0563 -0.61652 0 0 0
126.6 0.52484 5.1588 -0.62545 0 0 0
126.8 0.57128 5.1544 -0.55022 0 0 0
127 0.64383 5.1066 -0.71089 0 0 0
127.2 0.61755 5.0486 -0.55668 0 0 0
127.4 0.51249 5.1733 -0.60623 0 0 0
127.6 0.50412 5.1921 -0.70529 0 0 0
127.8 0.54676 5.0429 -0.61162 0 0 0
128 0.64512 5.2024 -0.62526 0 0 0
128.2 0.60962 5.0145 -0.61611 0 0 0
128.4 0.59951 5.1022 -0.58241 0 0 0
128.6 0.50093 5.0167 -0.61331 0 0 0
128.8 0.48853 5.0613 -0.56601 0 0 0
129 0.6479 5.1558 -0.52562 0 0 0
129.2 0.55675 5.1533 -0.55452 0 0 0
129.4 0.5702 5.0675 -0.62684 0 0 0
129.6 0.56473 5.0798 -0.69632 0 0 0
129.8 0.5758 5.0331 -0.52767 0 0 0
130 0.52707 5.0228 -0.63871 0 0 0
130.2 0.51898 5.1663 -0.5626 0 0 0
130.4 0.65257 5.0794 -0.55363 0 0 0
130.6 0.65441 5.1188 -0.55354 0 0 0
130.8 0.5934 5.2048 -0.59523 0 0 0
131 0.54571 5.1482 -0.64939 0 0 0
131.2 0.59239 5.1091 -0.56472 0 0 0
131.4 0.60636 5.1443 -0.61909 0 0 0
131.6 0.65158 5.1476 -0.61127 0 0 0
131.8 0.49013 5.0605 -0.61837 0 0 0
132 0.58047 5.1754 -0.62958 0 0 0
132.2 0.55836 5.115 -0.67918 0 0 0
132.4 0.5961 5.1012 -0.65827 0 0 0
132.6 0.58444 5.1562 -0.53885 0 0 0
132.8 0.51784 5.1255 -0.53961 0 0 0
133 0.49357 5.0654 -0.61647 0 0 0
133.2 0.47466 5.0295 -0.59313 0 0 0
133.4 0.4845 5.1323 -0.57085 0 0 0
133.6 0.5372 5.1493 -0.68638 0 0 0
133.8 0.62856 5.132 -0.59778 0 0 0
134 0.53976 5.1212 -0.67539 0 0 0
134.2 0.59658 5.109 -0.70172 0 0 0
134.4 0.67124 5.0792 -0.70161 0 0 0
134.6 0.60227 5.1006 -0.52641 0 0 0
134.8 0.58062 5.1674 -0.61035 0 0 0
135 0.51912 5.2137 -0.68436 0 0 0
135.2 0.62063 5.0674 -0.58507 0 0 0
135.4 0.65047 5.1729 -0.59763 0 0 0
135.6 0.64463 5.0414 -0.65192 0 0 0
135.8 0.59208 5.0215 -0.57996 0 0 0
136 0.60362 5.1052 -0.63497 0 0 0
136.2 0.65567 5.127 -0.67048 0 0 0
136.4 0.5593 5.0606 -0.66622 0 0 0
136.6 0.53062 5.0434 -0.63711 0 0 0
136.8 0.59904 5.1499 -0.70769 0 0 0
137 0.53175 5.0853 -0.64504 0 0 0
137.2 0.59707 5.1165 -0.60398 0 0 0
137.4 0.31342 5.6269 -0.94779 0 0 0
137.6 0.40121 5.1224 -1.0306 0 0 0
137.8 0.25402 4.3935 -0.70368 0 0 0
138 0.57265 2.9538 0.028531 0 0 0
138.2 0.77339 1.6602 0.76531 0 0 0
138.4 1.2063 0.97805 1.4116 0 0 0
138.6 0.96061 -0.87837 1.7584 0 0 0
138.8 0.71435 -2.6651 2.1675 0 0 0
139 0.90099 -4.3755 2.6453 0 0 0
139.2 0.82845 -5.7463 3.229 0 0 0
139.4 1.0561 -4.8688 3.135 0 0 0
139.6 0.89516 -3.942 1.6203 0 0 0
139.8 0.63551 -1.0015 0.33027 0 0 0
140 0.16879 -0.0052617 -0.86771 0 0 0
140.2 0.11193 0.96556 -1.36 0 0 0
140.4 -0.17017 1.9414 -1.9797 0 0 0
140.6 0.079439 3.0564 -2.2236 0 0 0
140.8 0.0012734 3.6026 -2.2498 0 0 0
141 -0.15859 3.9212 -2.5875 0 0 0
141.2 -0.36775 3.9828 -2.8409 0 0 0
141.4 -0.26371 3.8928 -2.9885 0 0 0
141.6 0.29251 4.7126 -2.1318 0 0 0
141.8 0.18915 2.8105 -1.684 0 0 0
142 0.24113 0.50813 -0.91646 0 0 0
142.2 0.34944 -1.7111 0.18307 0 0 0
142.4 0.74831 -3.2238 1.2531 0 0 0
142.6 1.3343 -4.2786 2.5359 0 0 0
142.8 1.271 -7.0271 3.5157 0 0 0
143 1.1668 -8.3598 3.5701 0 0 0
143.2 1.2149 -7.7404 3.3251 0 0 0
143.4 0.98974 -5.9932 2.5715 0 0 0
143.6 1.0876 -3.6302 2.0376 0 0 0
143.8 0.65741 -1.712 0.52407 0 0 0
144 0.47528 -0.57309 -0.21925 0 0 0
144.2 0.19027 0.62379 -0.98148 0 0 0
144.4 0.5313 2.7088 -1.1797 0 0 0
144.6 0.2539 1.7385 -0.79039 0 0 0
144.8 -0.034492 0.19722 0.035458 0 0 0
145 0.24712 1.516 -0.07245 0 0 0
145.2 0.27022 3.4806 -0.4763 0 0 0
145.4 0.02959 3.4174 -0.71915 0 0 0
145.6 0.039239 3.4775 -0.73117 0 0 0
145.8 0.21767 3.4733 -0.66562 0 0 0
146 0.19125 3.4822 -0.61595 0 0 0
146.2 0.14103 3.4712 -0.76125 0 0 0
146.4 0.023374 3.415 -0.65423 0 0 0
146.6 0.08249 3.3894 -0.70086 0 0 0
146.8 0.11074 3.5057 -0.65281 0 0 0
147 0.037788 3.367 -0.62865 0 0 0
147.2 0.13218 3.5194 -0.75733 0 0 0
147.4 0.08316 3.4403 -0.61689 0 0 0
147.6 0.10808 3.5251 -0.7994 0 0 0
147.8 0.13355 3.5533 -0.69252 0 0 0
148 0.032954 3.4436 -0.62674 0 0 0
148.2 0.029454 3.3698 -0.77143 0 0 0
148.4 0.078176 3.5165 -0.71978 0 0 0
148.6 0.12233 3.4851 -0.73945 0 0 0
148.8 0.13036 3.4608 -0.69131 0 0 0
149 0.066296 3.4726 -0.63943 0 0 0
149.2 0.20053 3.4209 -0.72649 0 0 0
149.4 0.18313 3.5085 -0.68056 0 0 0
149.6 0.10689 3.4264 -0.6118 0 0 0
149.8 0.2144 3.5357 -0.63913 0 0 0
150 0.13364 3.4258 -0.64215 0 0 0
150.2 0.06487 3.5183 -0.61381 0 0 0
150.4 0.1801 3.52 -0.7682 0 0 0
150.6 0.10824 3.3691 -0.67074 0 0 0
150.8 0.067979 3.4396 -0.65771 0 0 0
151 0.20907 3.5521 -0.64092 0 0 0
151.2 0.046515 3.4419 -0.66862 0 0 0
151.4 0.1205 3.4252 -0.73881 0 0 0
151.6 0.21237 3.4863 -0.79789 0 0 0
151.8 0.14765 3.5307 -0.78079 0 0 0
152 0.14092 3.5167 -0.74808 0 0 0
152.2 0.11192 3.4667 -0.63718 0 0 0
152.4 0.13354 3.5074 -0.62456 0 0 0
152.6 0.20025 3.507 -0.71484 0 0 0
152.8 0.093229 3.448 -0.60712 0 0 0
153 0.063738 3.5291 -0.79807 0 0 0
153.2 0.10269 3.458 -0.63294 0 0 0
153.4 0.072704 3.5487 -0.69911 0 0 0
153.6 0.1069 3.5186 -0.60973 0 0 0
153.8 0.14349 3.3857 -0.62938 0 0 0
154 0.12491 3.4066 -0.77256 0 0 0
154.2 0.095073 3.3846 -0.73415 0 0 0
154.4 0.19268 3.4659 -0.79322 0 0 0
154.6 0.078055 3.3704 -0.716 0 0 0
154.8 0.097991 3.4528 -0.71661 0 0 0
155 0.12153 3.5556 -0.73949 0 0 0
155.2 0.03035 3.4955 -0.62195 0 0 0
155.4 0.064258 3.5332 -0.70591 0 0 0
155.6 0.041682 3.4583 -0.66278 0 0 0
155.8 0.037741 3.4166 -0.6719 0 0 0
156 0.19604 3.3957 -0.63847 0 0 0
156.2 0.024663 3.5513 -0.75322 0 0 0
156.4 0.18579 3.5103 -0.65098 0 0 0
156.6 0.11944 3.5491 -0.72271 0 0 0
156.8 0.040728 3.4933 -0.79369 0 0 0
157 0.11607 3.3963 -0.6307 0 0 0
157.2 0.13787 3.417 -0.61037 0 0 0
157.4 0.036028 3.3707 -0.78143 0 0 0
157.6 0.21363 3.3679 -0.70316 0 0 0
157.8 0.14859 3.415 -0.65371 0 0 0
158 0.11021 3.3932 -0.78283 0 0 0
158.2 0.19074 3.4945 -0.79805 0 0 0
158.4 0.070551 3.5395 -0.71661 0 0 0
158.6 0.18278 3.4295 -0.77887 0 0 0
158.8 0.08378 3.3791 -0.61051 0 0 0
159 0.20625 3.5177 -0.6168 0 0 0
159.2 0.066807 3.4527 -0.6182 0 0 0
159.4 0.20941 3.4965 -0.60807 0 0 0
159.6 0.12015 3.4957 -0.66622 0 0 0
159.8 0.1309 3.4434 -0.66433 0 0 0
160 0.21673 3.4909 -0.73056 0 0 0
160.2 0.17218 3.4857 -0.792 0 0 0
160.4 0.080745 3.4641 -0.71614 0 0 0
160.6 0.02956 3.3973 -0.69623 0 0 0
160.8 0.0268 3.4614 -0.69679 0 0 0
161 0.18057 3.5087 -0.64757 0 0 0
161.2 0.1004 3.443 -0.68454 0 0 0
161.4 0.094818 3.5066 -0.61542 0 0 0
161.6 0.12261 3.4964 -0.67858 0 0 0
161.8 0.19641 3.5502 -0.62906 0 0 0
162 0.099169 3.4206 -0.78029 0 0 0
162.2 0.13886 3.4275 -0.64212 0 0 0
162.4 0.036946 3.4365 -0.60931 0 0 0
162.6 0.085181 3.3643 -0.75858 0 0 0
162.8 0.046953 3.4858 -0.62228 0 0 0
163 0.066961 3.4721 -0.66955 0 0 0
163.2 0.093779 3.4322 -0.65981 0 0 0
163.4 0.072049 3.4434 -0.66767 0 0 0
163.6 0.061105 3.4515 -0.64548 0 0 0
163.8 0.14473 3.422 -0.6989 0 0 0
164 0.17793 3.4042 -0.6539 0 0 0
164.2 0.059688 3.3823 -0.70412 0 0 0
164.4 0.19724 3.3859 -0.62342 0 0 0
164.6 0.16713 3.5484 -0.7801 0 0 0
164.8 0.12526 3.4575 -0.63438 0 0 0
165 0.21198 3.5087 -0.76982 0 0 0
165.2 0.13096 3.4213 -0.65199 0 0 0
165.4 0.12698 3.5892 -0.73573 0 0 0
165.6 -0.10579 3.7981 -1.3033 0 0 0
165.8 -0.12131 3.7454 -1.3664 0 0 0
166 -0.074759 4.8737 -1.4211 0 0 0
166.2 0.014971 6.1988 -1.5205 0 0 0
166.4 0.064084 5.6591 -1.4589 0 0 0
166.6 -0.24279 4.9901 -1.6391 0 0 0
166.8 -0.12747 4.0576 -1.1314 0 0 0
167 0.11134 3.0726 -0.61607 0 0 0
167.2 0.39498 2.479 0.041239 0 0 0
167.4 0.21462 0.48654 0.43954 0 0 0
167.6 0.31699 -1.8681 1.179 0 0 0
167.8 0.23636 -3.4728 1.3786 0 0 0
168 0.36375 -4.0144 1.6147 0 0 0
168.2 0.46245 -2.8458 1.8112 0 0 0
168.4 0.65765 -2.3834 1.6821 0 0 0
168.6 0.40621 -2.135 1.2597 0 0 0
168.8 0.18891 -1.2461 0.88907 0 0 0
169 0.3583 0.68735 0.34802 0 0 0
169.2 0.33236 2.79 -0.1998 0 0 0
169.4 -0.075789 3.1355 -0.89276 0 0 0
169.6 -0.30151 3.4715 -1.1563 0 0 0
169.8 0.011254 3.6671 -1.0545 0 0 0
170 -0.066064 4.493 -1.3015 0 0 0
170.2 0.19186 5.8519 -1.3645 0 0 0
170.4 -0.14078 5.5939 -1.5642 0 0 0
170.6 -0.065204 5.3068 -1.6024 0 0 0
170.8 -0.22009 4.6798 -1.6102 0 0 0
171 0.39436 4.2279 -0.7021 0 0 0
171.2 0.58447 3.8415 -0.075005 0 0 0
171.4 0.43629 1.8258 0.44769 0 0 0
171.6 0.61687 -0.44091 1.1058 0 0 0
171.8 0.42015 -2.3243 1.4229 0 0 0
172 0.81471 -3.9431 2.3908 0 0 0
172.2 0.84365 -4.4764 2.6661 0 0 0
172.4 0.99477 -4.8962 2.9384 0 0 0
172.6 0.91668 -4.7588 2.8255 0 0 0
172.8 0.82847 -4.2484 2.6087 0 0 0
173 1.1932 -2.9049 2.4361 0 0 0
173.2 1.2281 -0.53955 1.9155 0 0 0
173.4 1.0633 -0.29818 1.6229 0 0 0
173.6 1.036 -0.29457 1.5643 0 0 0
173.8 1.0399 -0.3364 1.5767 0 0 0
174 0.99192 -0.27798 1.6425 0 0 0
174.2 1.0638 -0.28321 1.6645 0 0 0
174.4 0.95511 -0.22082 1.4707 0 0 0
174.6 0.92324 -0.25879 1.5371 0 0 0
174.8 1.0353 -0.30082 1.5738 0 0 0
175 1.0322 -0.25954 1.6164 0 0 0
175.2 1.0331 -0.30719 1.6609 0 0 0
175.4 1.0618 -0.17164 1.6059 0 0 0
175.6 1.1084 -0.30815 1.5215 0 0 0
175.8 1.1118 -0.2022 1.6571 0 0 0
176 1.1036 -0.18809 1.6484 0 0 0
176.2 1.0438 -0.33513 1.5584 0 0 0
176.4 1.1082 -0.30966 1.6135 0 0 0
176.6 0.94633 -0.33197 1.5785 0 0 0
176.8 0.9911 -0.17637 1.6657 0 0 0
177 0.93028 -0.32868 1.5447 0 0 0
177.2 1.0306 -0.20487 1.6432 0 0 0
177.4 1.0704 -0.2469 1.6455 0 0 0
177.6 0.019859 0.98703 -0.16508 0 0 0
177.8 0.20566 2.6503 -0.305 0 0 0
178 0.02894 3.3449 -0.63671 0 0 0
178.2 -0.12778 3.7177 -1.0758 0 0 0
178.4 -0.096044 3.8098 -1.359 0 0 0
178.6 -0.14143 4.3346 -1.5351 0 0 0
178.8 -0.036387 5.6864 -1.6362 0 0 0
179 0.055519 5.8796 -1.6215 0 0 0
179.2 -0.021014 5.4864 -1.7141 0 0 0
179.4 -0.27843 4.6227 -1.6265 0 0 0
179.6 -0.012445 3.5169 -0.77352 0 0 0
179.8 0.13031 2.8919 -0.59756 0 0 0
180 0.4662 1.5099 0.39174 0 0 0
180.2 0.4168 -0.65487 0.82737 0 0 0
180.4 0.1608 -2.9232 1.3188 0 0 0
180.6 0.31843 -4.043 1.7631 0 0 0
180.8 0.55402 -3.329 1.833 0 0 0
181 0.67588 -2.6009 1.8335 0 0 0
181.2 0.47565 -2.2734 1.4968 0 0 0
181.4 0.3967 -1.776 1.1524 0 0 0
181.6 0.25172 -0.1173 0.70195 0 0 0
181.8 0.45156 2.2217 0.18367 0 0 0
182 0.035926 2.8814 -0.65992 0 0 0
182.2 -0.24707 3.3854 -1.057 0 0 0
182.4 -0.1642 3.442 -1.27 0 0 0
182.6 0.023439 4.3187 -1.2576 0 0 0
182.8 -0.10176 5.6827 -1.5495 0 0 0
183 -0.0063134 5.9221 -1.6153 0 0 0
183.2 -0.040215 5.8909 -1.5686 0 0 0
183.4 0.06445 5.8866 -1.5845 0 0 0
183.6 -0.042857 5.9618 -1.5213 0 0 0
183.8 0.11894 5.9826 -1.5503 0 0 0
184 -0.07503 5.9414 -1.5543 0 0 0
184.2 -0.070471 5.8388 -1.6265 0 0 0
184.4 0.082436 5.9247 -1.5854 0 0 0
184.6 0.093528 5.9413 -1.5885 0 0 0
184.8 0.034821 5.9067 -1.4955 0 0 0
185 0.072393 5.9539 -1.5056 0 0 0
185.2 0.025473 5.9748 -1.6135 0 0 0
185.4 0.038751 5.917 -1.6115 0 0 0
185.6 -0.040283 5.7932 -1.6218 0 0 0
185.8 0.022258 5.8263 -1.4903 0 0 0
186 -0.068247 5.7948 -1.5261 0 0 0
186.2 -0.067211 5.9765 -1.4705 0 0 0
186.4 -0.011391 5.8864 -1.6161 0 0 0
186.6 0.047751 5.9484 -1.586 0 0 0
186.8 0.099966 5.8808 -1.6265 0 0 0
187 0.056249 5.8883 -1.506 0 0 0
187.2 0.058623 5.8746 -1.5819 0 0 0
187.4 0.060719 5.9678 -1.4955 0 0 0
187.6 0.081536 5.9643 -1.6113 0 0 0
187.8 0.053691 5.9161 -1.5326 0 0 0
188 0.025557 5.8479 -1.6282 0 0 0
188.2 -0.012083 5.8478 -1.6171 0 0 0
188.4 0.1084 5.8386 -1.5436 0 0 0
188.6 -0.029135 5.9303 -1.4952 0 0 0
188.8 0.023811 5.9444 -1.5171 0 0 0
189 0.069634 5.954 -1.5964 0 0 0
189.2 -0.027596 5.9507 -1.5136 0 0 0
189.4 0.090687 5.8402 -1.4975 0 0 0
189.6 0.029201 5.9496 -1.5744 0 0 0
189.8 0.1036 5.9154 -1.4764 0 0 0
190 -0.0082887 5.8358 -1.6018 0 0 0
190.2 0.10863 5.8657 -1.5891 0 0 0
190.4 0.10711 5.8801 -1.5184 0 0 0
190.6 0.03911 5.8896 -1.4637 0 0 0
190.8 -0.058078 5.8976 -1.4736 0 0 0
191 -0.0050548 5.8585 -1.5193 0 0 0
191.2 -0.023261 5.8477 -1.6369 0 0 0
191.4 -0.02521 5.9302 -1.4484 0 0 0
191.6 -0.033122 5.9763 -1.4789 0 0 0
191.8 -0.078166 5.9083 -1.5575 0 0 0
192 0.10017 5.9081 -1.4627 0 0 0
192.2 0.01227 5.9372 -1.5025 0 0 0
192.4 0.037254 5.864 -1.5889 0 0 0
192.6 -0.015309 5.8801 -1.6037 0 0 0
192.8 0.12037 5.8913 -1.4651 0 0 0
193 0.11835 5.9752 -1.572 0 0 0
193.2 0.11448 5.8796 -1.5723 0 0 0
193.4 0.054823 5.9169 -1.5573 0 0 0
193.6 0.066802 5.8813 -1.4847 0 0 0
193.8 -0.011621 5.9002 -1.6045 0 0 0
194 0.026125 5.7977 -1.4997 0 0 0
194.2 -0.023759 5.9499 -1.5087 0 0 0
194.4 0.065246 5.9238 -1.4731 0 0 0
194.6 0.077174 5.8295 -1.5616 0 0 0
194.8 -0.062217 5.7924 -1.615 0 0 0
195 -0.034114 5.9421 -1.4655 0 0 0
195.2 -0.037638 5.903 -1.4947 0 0 0
195.4 0.04639 5.9203 -1.5224 0 0 0
195.6 0.066611 5.9164 -1.4891 0 0 0
195.8 0.088443 5.9363 -1.4866 0 0 0
196 -0.074651 5.9669 -1.5263 0 0 0
196.2 -0.038006 5.9226 -1.4772 0 0 0
196.4 0.015389 5.8136 -1.5033 0 0 0
196.6 -0.002751 5.9322 -1.5303 0 0 0
196.8 -0.010351 5.8789 -1.5002 0 0 0
197 -0.06566 5.9177 -1.4463 0 0 0
197.2 0.073837 5.9192 -1.5118 0 0 0
197.4 0.0021024 5.9251 -1.4735 0 0 0
197.6 0.056428 5.8012 -1.5996 0 0 0
197.8 0.031785 5.8343 -1.4871 0 0 0
198 -0.068139 5.8231 -1.593 0 0 0
198.2 -0.016931 5.9752 -1.5541 0 0 0
198.4 0.11466 5.8925 -1.4792 0 0 0
198.6 0.10787 5.9241 -1.5574 0 0 0
198.8 -0.0028247 5.923 -1.6283 0 0 0
199 0.045104 5.8058 -1.5971 0 0 0
199.2 0.034077 5.8345 -1.6288 0 0 0
199.4 0.087682 5.8463 -1.5095 0 0 0
199.6 0.11311 5.9722 -1.587 0 0 0
199.8 -0.063329 5.8353 -1.5534 0 0 0
200 0.099175 5.8392 -1.603 0 0 0
200.2 0.034059 5.9247 -1.4605 0 0 0
200.4 -0.039559 5.9192 -1.5692 0 0 0
200.6 -0.034139 5.9302 -1.5963 0 0 0
200.8 0.062723 5.9569 -1.4783 0 0 0
201 0.040922 5.9349 -1.6325 0 0 0
201.2 0.038829 5.7933 -1.6294 0 0 0
201.4 0.11527 5.9062 -1.5314 0 0 0
201.6 0.037919 5.9736 -1.4507 0 0 0
201.8 -0.05847 5.8078 -1.5169 0 0 0
202 -0.045109 5.9004 -1.5171 0 0 0
202.2 -0.058011 5.9756 -1.5086 0 0 0
202.4 -0.049181 5.8294 -1.453 0 0 0
202.6 0.055883 5.8945 -1.5935 0 0 0
202.8 0.049541 5.8148 -1.4604 0 0 0
203 -0.076291 5.6186 -1.6299 0 0 0
203.2 -0.10544 5.5003 -1.4645 0 0 0
203.4 -0.28633 4.8618 -1.7257 0 0 0
203.6 0.15971 4.5956 -1.0418 0 0 0
203.8 0.61598 4.4598 -0.23799 0 0 0
204 0.65798 2.7014 0.15333 0 0 0
204.2 0.52143 0.43271 0.89536 0 0 0
204.4 0.48617 -1.6575 1.2688 0 0 0
204.6 0.72404 -3.2948 1.9821 0 0 0
204.8 0.77423 -4.0841 2.5292 0 0 0
205 0.97 -4.8846 3.0297 0 0 0
205.2 0.65236 -4.7996 2.6561 0 0 0
205.4 0.64832 -4.5608 2.5017 0 0 0
205.6 0.91226 -3.7833 2.6957 0 0 0
205.8 1.1408 -1.1347 2.0742 0 0 0
206 0.93751 0.042965 1.2741 0 0 0
206.2 0.82622 0.85847 0.93795 0 0 0
206.4 0.51912 1.5816 0.45789 0 0 0
206.6 0.36504 2.8189 -0.13834 0 0 0
206.8 0.48487 4.408 -0.59606 0 0 0
207 0.012657 4.5278 -1.1621 0 0 0
207.2 0.17027 4.5568 -1.1155 0 0 0
207.4 -0.036695 4.6793 -1.3359 0 0 0
207.6 0.41598 4.4856 -0.73444 0 0 0
207.8 0.7861 4.1348 -0.084316 0 0 0
208 0.83754 2.2321 0.45207 0 0 0
208.2 0.91166 0.17686 1.1918 0 0 0
208.4 0.82543 -1.5601 1.663 0 0 0
208.6 0.89546 -2.6794 2.1188 0 0 0
208.8 0.87767 -3.1598 2.3442 0 0 0
209 0.80608 -3.5791 2.3325 0 0 0
209.2 0.96596 -3.5962 2.4967 0 0 0
209.4 0.97416 -2.9048 2.3523 0 0 0
209.6 1.183 -1.7157 2.0455 0 0 0
209.8 1.212 0.30926 1.3044 0 0 0
210 1.018 1.015 0.98492 0 0 0
210.2 0.91074 1.4067 0.58871 0 0 0
210.4 0.48461 1.9101 0.37727 0 0 0
210.6 0.41728 2.7934 -0.10412 0 0 0
210.8 0.54695 4.5216 -0.62573 0 0 0
211 0.48027 4.681 -0.72028 0 0 0
211.2 0.56426 4.5455 -0.65316 0 0 0
211.4 0.64829 4.5356 -0.72555 0 0 0
211.6 0.54281 4.5669 -0.61925 0 0 0
211.8 0.57258 4.5754 -0.64457 0 0 0
212 0.47658 4.6338 -0.70779 0 0 0
212.2 0.49436 4.6481 -0.71454 0 0 0
212.4 0.48698 4.7101 -0.72009 0 0 0
212.6 0.46176 4.7112 -0.70603 0 0 0
212.8 0.50893 4.6641 -0.71862 0 0 0
213 0.50041 4.5676 -0.78013 0 0 0
213.2 0.52609 4.7034 -0.70662 0 0 0
213.4 0.48125 4.5948 -0.67337 0 0 0
213.6 0.6541 4.5559 -0.73372 0 0 0
213.8 0.55709 4.6384 -0.71335 0 0 0
214 0.53195 4.5155 -0.77447 0 0 0
214.2 0.50436 4.5212 -0.6993 0 0 0
214.4 0.52734 4.5486 -0.73619 0 0 0
214.6 0.5342 4.5527 -0.79142 0 0 0
214.8 0.63965 4.6564 -0.61779 0 0 0
215 0.55348 4.6011 -0.75261 0 0 0
215.2 0.57622 4.6817 -0.65795 0 0 0
215.4 0.45535 4.5905 -0.7638 0 0 0
215.6 0.57193 4.6801 -0.59981 0 0 0
215.8 0.60988 4.6622 -0.69414 0 0 0
216 0.58582 4.6293 -0.6164 0 0 0
216.2 0.56005 4.5447 -0.64938 0 0 0
216.4 0.61954 4.6183 -0.69524 0 0 0
216.6 0.64687 4.6051 -0.67323 0 0 0
216.8 0.51713 4.5885 -0.72482 0 0 0
217 0.6138 4.5312 -0.68943 0 0 0
217.2 0.51142 4.5644 -0.63529 0 0 0
217.4 0.45736 4.5797 -0.73994 0 0 0
217.6 0.47321 4.5876 -0.73614 0 0 0
217.8 0.52013 4.5418 -0.72505 0 0 0
218 0.5155 4.5759 -0.61948 0 0 0
218.2 0.45799 4.5688 -0.77601 0 0 0
218.4 0.48683 4.6766 -0.75334 0 0 0
218.6 0.54318 4.581 -0.73413 0 0 0
218.8 0.60774 4.687 -0.72437 0 0 0
219 0.59064 4.5662 -0.64933 0 0 0
219.2 0.59729 4.6676 -0.61741 0 0 0
219.4 0.54634 4.6344 -0.78429 0 0 0
219.6 0.63824 4.5162 -0.77897 0 0 0
219.8 0.65217 4.6529 -0.79178 0 0 0
220 0.64091 4.5157 -0.75601 0 0 0
220.2 0.54669 4.6493 -0.78942 0 0 0
220.4 0.63537 4.6881 -0.70092 0 0 0
220.6 0.53168 4.5989 -0.746 0 0 0
220.8 0.57499 4.6388 -0.61069 0 0 0
221 0.56645 4.6298 -0.65151 0 0 0
221.2 0.62355 4.558 -0.69695 0 0 0
221.4 0.51135 4.6695 -0.77906 0 0 0
221.6 0.58705 4.5701 -0.68866 0 0 0
221.8 0.57484 4.6974 -0.66147 0 0 0
222 0.58568 4.5723 -0.67313 0 0 0
222.2 0.51637 4.6198 -0.71077 0 0 0
222.4 0.52071 4.5793 -0.77252 0 0 0
222.6 0.49202 4.56 -0.63135 0 0 0
222.8 0.47452 4.6216 -0.74482 0 0 0
223 0.5117 4.5341 -0.69284 0 0 0
223.2 0.52535 4.54 -0.63385 0 0 0
223.4 0.56154 4.5314 -0.69271 0 0 0
223.6 0.65255 4.5747 -0.73414 0 0 0
223.8 0.46002 4.6751 -0.62229 0 0 0
224 0.59629 4.6153 -0.7832 0 0 0
224.2 0.63542 4.6859 -0.64853 0 0 0
224.4 0.62755 4.7087 -0.6145 0 0 0
224.6 0.47822 4.5779 -0.70187 0 0 0
224.8 0.64544 4.5565 -0.7008 0 0 0
225 0.54257 4.6162 -0.76391 0 0 0
225.2 0.62954 4.5832 -0.60232 0 0 0
225.4 0.62738 4.6845 -0.61943 0 0 0
225.6 0.52542 4.5646 -0.69695 0 0 0
225.8 0.58061 4.6813 -0.71326 0 0 0
226 0.62729 4.6291 -0.76936 0 0 0
226.2 0.45858 4.6564 -0.60959 0 0 0
226.4 0.46975 4.5813 -0.79356 0 0 0
226.6 0.52973 4.5144 -0.7574 0 0 0
226.8 0.48422 4.551 -0.72986 0 0 0
227 0.4612 4.614 -0.78464 0 0 0
227.2 0.61083 4.5174 -0.76577 0 0 0
227.4 0.51983 4.6226 -0.6488 0 0 0
227.6 0.61788 4.5678 -0.69822 0 0 0
227.8 0.48911 4.6518 -0.72706 0 0 0
228 0.58961 4.6888 -0.74732 0 0 0
228.2 0.62951 4.5175 -0.7045 0 0 0
228.4 0.60582 4.5808 -0.75759 0 0 0
228.6 0.50031 4.5968 -0.72983 0 0 0
228.8 0.52617 4.5286 -0.74188 0 0 0
229 0.52702 4.5284 -0.62866 0 0 0
229.2 0.50787 4.527 -0.6554 0 0 0
229.4 0.52185 4.6926 -0.72797 0 0 0
229.6 0.47178 4.7064 -0.67863 0 0 0
229.8 0.5447 4.5908 -0.73711 0 0 0
230 0.54532 4.5753 -0.74188 0 0 0
230.2 0.46019 4.6232 -0.7427 0 0 0
230.4 0.58181 4.671 -0.65926 0 0 0
230.6 0.46628 4.6722 -0.69071 0 0 0
230.8 0.46237 4.704 -0.80621 0 0 0
231 0.074074 4.8231 -1.0532 0 0 0
231.2 0.16246 4.4613 -0.91464 0 0 0
231.4 0.14827 3.6688 -0.4705 0 0 0
231.6 0.62327 2.5651 -0.067377 0 0 0
231.8 0.64333 2.1966 0.14375 0 0 0
232 0.41198 0.59216 0.96143 0 0 0
232.2 0.60239 -1.3356 1.6464 0 0 0
232.4 0.9257 -3.0697 2.3436 0 0 0
232.6 0.93219 -4.3074 2.8563 0 0 0
232.8 1.0018 -3.4165 2.5011 0 0 0
233 0.87841 -3.0442 2.37 0 0 0
233.2 1.1669 -2.9086 2.1301 0 0 0
233.4 1.0175 -2.0474 1.6945 0 0 0
233.6 0.93847 -0.90727 0.94979 0 0 0
233.8 0.6437 1.2807 -1.5425e-05 0 0 0
234 0.50444 2.3799 -0.24138 0 0 0
234.2 0.48181 2.7625 -0.44947 0 0 0
234.4 0.47438 2.9718 -0.30293 0 0 0
234.6 0.27455 3.5057 -0.26863 0 0 0
234.8 0.19375 4.699 -0.66755 0 0 0
235 0.22323 5.2552 -0.66322 0 0 0
235.2 0.18166 5.124 -0.63454 0 0 0
235.4 0.23296 4.6524 -0.54633 0 0 0
235.6 0.26131 4.0719 -0.75682 0 0 0
235.8 0.30008 3.7468 -0.6834 0 0 0
236 0.54555 2.5376 0.183 0 0 0
236.2 0.70805 0.45527 0.89251 0 0 0
236.4 0.75191 -1.6504 1.6359 0 0 0
236.6 0.97201 -3.5055 2.4792 0 0 0
236.8 1.0394 -4.4292 3.3041 0 0 0
237 1.319 -5.1395 3.8894 0 0 0
237.2 1.1848 -5.0215 3.4172 0 0 0
237.4 1.0158 -4.7723 3.0281 0 0 0
237.6 0.89267 -4.1772 2.5827 0 0 0
237.8 0.89162 -2.1789 2.0282 0 0 0
238 0.63704 -0.72917 1.3407 0 0 0
238.2 0.33212 0.66392 0.14297 0 0 0
238.4 0.17128 1.5344 -0.41911 0 0 0
238.6 0.26495 2.5595 -0.3075 0 0 0
238.8 0.40336 4.3407 -0.52717 0 0 0
239 0.42354 4.4228 -0.45855 0 0 0
239.2 0.42866 4.4259 -0.40394 0 0 0
239.4 0.32019 4.2749 -0.40955 0 0 0
239.6 0.44636 4.2796 -0.38873 0 0 0
239.8 0.38878 4.3338 -0.57359 0 0 0
240 0.27006 4.429 -0.56225 0 0 0
240.2 0.33599 4.3951 -0.39186 0 0 0
240.4 0.37392 4.4656 -0.57012 0 0 0
240.6 0.39274 4.3007 -0.45094 0 0 0
240.8 0.35653 4.3924 -0.40238 0 0 0
241 0.42941 4.3308 -0.55981 0 0 0
241.2 0.29615 4.2861 -0.41129 0 0 0
241.4 0.46215 4.4444 -0.58422 0 0 0
241.6 0.43394 4.3872 -0.51963 0 0 0
241.8 0.3352 4.3297 -0.54051 0 0 0
242 0.39043 4.3027 -0.39126 0 0 0
242.2 0.32794 4.337 -0.41885 0 0 0
242.4 0.28503 4.2826 -0.42927 0 0 0
242.6 0.37149 4.3998 -0.40811 0 0 0
242.8 0.43224 4.3179 -0.43215 0 0 0
243 0.41997 4.4207 -0.42087 0 0 0
243.2 0.45671 4.3289 -0.52395 0 0 0
243.4 0.33389 4.3528 -0.43962 0 0 0
243.6 0.34513 4.2802 -0.45527 0 0 0
243.8 0.29727 4.2752 -0.53033 0 0 0
244 0.33392 4.3064 -0.52069 0 0 0
244.2 0.37792 4.3232 -0.40644 0 0 0
244.4 0.37724 4.2823 -0.58172 0 0 0
244.6 0.29927 4.3358 -0.4489 0 0 0
244.8 0.2906 4.279 -0.54642 0 0 0
245 0.34689 4.2893 -0.42334 0 0 0
245.2 0.43346 4.2834 -0.54452 0 0 0
245.4 0.30418 4.45 -0.56824 0 0 0
245.6 0.36734 4.3314 -0.46427 0 0 0
245.8 0.29245 4.3874 -0.56741 0 0 0
246 0.44011 4.3446 -0.42836 0 0 0
246.2 0.42051 4.4594 -0.40758 0 0 0
246.4 0.38005 4.4175 -0.52567 0 0 0
246.6 0.3451 4.4465 -0.53185 0 0 0
246.8 0.36521 4.3888 -0.58681 0 0 0
247 0.44456 4.407 -0.48899 0 0 0
247.2 0.44819 4.3473 -0.39047 0 0 0
247.4 0.36686 4.3137 -0.44058 0 0 0
247.6 0.37303 4.2953 -0.52603 0 0 0
247.8 0.44912 4.3036 -0.46809 0 0 0
248 0.3829 4.4568 -0.43183 0 0 0
248.2 0.42234 4.276 -0.56586 0 0 0
248.4 0.39946 4.445 -0.4723 0 0 0
248.6 0.36112 4.3735 -0.41409 0 0 0
248.8 0.31114 4.4307 -0.45021 0 0 0
249 0.3877 4.3586 -0.53957 0 0 0
249.2 0.30404 4.3384 -0.51962 0 0 0
249.4 0.30669 4.4205 -0.47908 0 0 0
249.6 0.43958 4.3411 -0.57465 0 0 0
249.8 0.29231 4.3804 -0.50608 0 0 0
250 0.3963 4.4468 -0.54067 0 0 0
250.2 0.35465 4.4371 -0.49037 0 0 0
250.4 0.38971 4.3179 -0.42696 0 0 0
250.6 0.41468 4.3562 -0.5126 0 0 0
250.8 0.32784 4.4348 -0.48457 0 0 0
251 0.27578 4.2996 -0.56925 0 0 0
251.2 0.43429 4.4207 -0.40635 0 0 0
251.4 0.34105 4.4444 -0.54664 0 0 0
251.6 0.39945 4.3695 -0.51176 0 0 0
251.8 0.44633 4.3831 -0.45611 0 0 0
252 0.322 4.4394 -0.43649 0 0 0
252.2 0.46676 4.466 -0.55356 0 0 0
252.4 0.43405 4.4271 -0.48469 0 0 0
252.6 0.42545 4.3392 -0.3891 0 0 0
252.8 0.39851 4.3694 -0.44665 0 0 0
253 0.37592 4.3201 -0.57206 0 0 0
253.2 0.34452 4.371 -0.57951 0 0 0
253.4 0.43163 4.2848 -0.48994 0 0 0
253.6 0.38625 4.2802 -0.49885 0 0 0
253.8 0.42351 4.3961 -0.49081 0 0 0
254 0.46472 4.3924 -0.55499 0 0 0
254.2 0.42483 4.2854 -0.51604 0 0 0
254.4 0.43777 4.391 -0.41202 0 0 0
254.6 0.36431 4.378 -0.4393 0 0 0
254.8 0.44194 4.4403 -0.50481 0 0 0
255 0.33395 4.3976 -0.4067 0 0 0
255.2 0.30825 4.3234 -0.56931 0 0 0
255.4 0.36606 4.2904 -0.5519 0 0 0
255.6 0.27343 4.2812 -0.39885 0 0 0
255.8 0.4327 4.3934 -0.568 0 0 0
256 0.32004 4.4089 -0.51056 0 0 0
256.2 0.40268 4.3241 -0.53032 0 0 0
256.4 0.42596 4.3535 -0.57355 0 0 0
256.6 0.40355 4.3422 -0.54925 0 0 0
256.8 0.39734 4.2855 -0.50467 0 0 0
257 0.31465 4.283 -0.52958 0 0 0
257.2 0.36266 4.2932 -0.44774 0 0 0
257.4 0.45447 4.4046 -0.54023 0 0 0
257.6 0.3154 4.3129 -0.39627 0 0 0
257.8 0.30901 4.3165 -0.52708 0 0 0
258 0.32168 4.2708 -0.55719 0 0 0
258.2 0.42235 4.4145 -0.47707 0 0 0
258.4 0.33347 4.3813 -0.43006 0 0 0
258.6 0.3878 4.3795 -0.49939 0 0 0
258.8 0.27262 4.8293 -0.5333 0 0 0
259 0.33168 5.1193 -0.44908 0 0 0
259.2 0.27961 5.1317 -0.8354 0 0 0
259.4 0.19637 4.5016 -0.93578 0 0 0
259.6 0.48833 3.525 -0.21521 0 0 0
259.8 0.62261 3.2388 0.1013 0 0 0
260 0.65087 1.1146 1.0427 0 0 0
260.2 0.85572 -0.89123 1.6085 0 0 0
260.4 0.80299 -2.6734 2.1411 0 0 0
260.6 1.101 -4.1025 2.9851 0 0 0
260.8 1.4272 -4.2978 3.9249 0 0 0
261 1.3783 -4.5104 3.6452 0 0 0
261.2 1.1752 -4.4308 3.2035 0 0 0
261.4 1.0141 -4.0777 2.8626 0 0 0
261.6 0.97423 -2.7367 2.1188 0 0 0
261.8 0.8804 -0.45229 1.5617 0 0 0
262 0.59289 0.61971 0.85576 0 0 0
262.2 0.41069 1.6114 -0.015511 0 0 0
262.4 0.30313 2.5358 -0.29678 0 0 0
262.6 0.37572 4.0084 -0.45721 0 0 0
262.8 0.38296 5.4751 -0.78475 0 0 0
263 0.28455 5.7307 -0.73615 0 0 0
263.2 0.24161 5.6647 -1.0454 0 0 0
263.4 0.24351 5.5959 -0.97605 0 0 0
263.6 0.50854 5.0001 -0.52799 0 0 0
263.8 0.65542 4.3754 -0.059991 0 0 0
264 0.7345 2.4234 0.67524 0 0 0
264.2 0.89283 0.35617 1.3408 0 0 0
264.4 1.0088 -1.7081 2.0626 0 0 0
264.6 1.1192 -3.4457 2.8684 0 0 0
264.8 1.3295 -3.4571 3.4709 0 0 0
265 1.2108 -3.4934 3.2062 0 0 0
265.2 1.094 -3.4055 2.7977 0 0 0
265.4 0.91009 -2.981 2.2274 0 0 0
265.6 0.91686 -1.533 1.791 0 0 0
265.8 0.99965 0.98966 1.2846 0 0 0
266 0.64453 1.9367 0.40045 0 0 0
266.2 0.42797 2.7517 -0.072657 0 0 0
266.4 0.32472 3.2895 -0.36161 0 0 0
266.6 0.64152 4.0754 -0.1568 0 0 0
266.8 0.50187 5.3394 -0.53711 0 0 0
267 0.65126 5.3508 -0.38668 0 0 0
267.2 0.64548 5.2354 -0.38735 0 0 0
267.4 0.53257 5.2625 -0.52458 0 0 0
267.6 0.52841 5.1692 -0.5148 0 0 0
267.8 0.59797 5.2308 -0.3832 0 0 0
268 0.60275 5.2657 -0.42469 0 0 0
268.2 0.6195 5.2211 -0.4235 0 0 0
268.4 0.57816 5.3053 -0.45601 0 0 0
268.6 0.47886 5.3509 -0.42019 0 0 0
268.8 0.57133 5.2827 -0.49287 0 0 0
269 0.46805 5.2217 -0.41636 0 0 0
269.2 0.61096 5.3543 -0.55715 0 0 0
269.4 0.59136 5.1815 -0.47983 0 0 0
269.6 0.57932 5.2939 -0.4393 0 0 0
269.8 0.50483 5.3583 -0.53285 0 0 0
270 0.60217 5.2719 -0.4761 0 0 0
270.2 0.60433 5.36 -0.50604 0 0 0
270.4 0.52827 5.223 -0.42213 0 0 0
270.6 0.46598 5.274 -0.44831 0 0 0
270.8 0.62815 5.3509 -0.38591 0 0 0
271 0.61349 5.2116 -0.39512 0 0 0
271.2 0.56136 5.334 -0.46723 0 0 0
271.4 0.60082 5.1963 -0.56645 0 0 0
271.6 0.61766 5.2562 -0.49972 0 0 0
271.8 0.52556 5.3437 -0.54631 0 0 0
272 0.64216 5.3095 -0.38336 0 0 0
272.2 0.57477 5.268 -0.47841 0 0 0
272.4 0.51701 5.2906 -0.40543 0 0 0
272.6 0.5128 5.1842 -0.45283 0 0 0
272.8 0.63746 5.2169 -0.48923 0 0 0
273 0.53265 5.1738 -0.56343 0 0 0
273.2 0.48943 5.3379 -0.38892 0 0 0
273.4 0.64869 5.1716 -0.45846 0 0 0
273.6 0.5896 5.2787 -0.55128 0 0 0
273.8 0.65587 5.1926 -0.50281 0 0 0
274 0.4982 5.2862 -0.40598 0 0 0
274.2 0.62518 5.2931 -0.47468 0 0 0
274.4 0.55819 5.318 -0.47375 0 0 0
274.6 0.57758 5.2306 -0.49399 0 0 0
274.8 0.46841 5.3519 -0.54573 0 0 0
275 0.57232 5.3251 -0.53264 0 0 0
275.2 0.58614 5.1888 -0.52546 0 0 0
275.4 0.55905 5.2249 -0.47658 0 0 0
275.6 0.47135 5.3501 -0.47052 0 0 0
275.8 0.56246 5.1908 -0.49945 0 0 0
276 0.47007 5.3266 -0.40135 0 0 0
276.2 0.62816 5.1891 -0.52146 0 0 0
276.4 0.57836 5.3222 -0.45253 0 0 0
276.6 0.59763 5.301 -0.52473 0 0 0
276.8 0.58887 5.3233 -0.53143 0 0 0
277 0.58412 5.355 -0.51085 0 0 0
277.2 0.6502 5.204 -0.4213 0 0 0
277.4 0.49482 5.1727 -0.4747 0 0 0
277.6 0.55441 5.3354 -0.46447 0 0 0
277.8 0.62791 5.2633 -0.53626 0 0 0
278 0.55882 5.1904 -0.56209 0 0 0
278.2 0.61191 5.1864 -0.45356 0 0 0
278.4 0.4954 5.1917 -0.38646 0 0 0
278.6 0.59775 5.2022 -0.56214 0 0 0
278.8 0.64231 5.3631 -0.54491 0 0 0
279 0.49196 5.2258 -0.58061 0 0 0
279.2 0.54505 5.2884 -0.41482 0 0 0
279.4 0.4678 5.3391 -0.48622 0 0 0
279.6 0.50458 5.2176 -0.48878 0 0 0
279.8 0.59266 5.3141 -0.40077 0 0 0
280 0.6337 5.2488 -0.49905 0 0 0
280.2 0.52837 5.2308 -0.47366 0 0 0
280.4 0.46488 5.2994 -0.44268 0 0 0
280.6 0.64049 5.247 -0.56667 0 0 0
280.8 0.55364 5.1925 -0.4806 0 0 0
281 0.64152 5.3643 -0.4851 0 0 0
281.2 0.52502 5.2723 -0.41131 0 0 0
281.4 0.59765 5.2702 -0.4596 0 0 0
281.6 0.46292 5.2336 -0.559 0 0 0
281.8 0.5619 5.2081 -0.46111 0 0 0
282 0.52579 5.3412 -0.54965 0 0 0
282.2 0.52665 5.2222 -0.50268 0 0 0
282.4 0.6501 5.2764 -0.47601 0 0 0
282.6 0.60953 5.2789 -0.40744 0 0 0
282.8 0.52621 5.3613 -0.45068 0 0 0
283 0.586 5.2225 -0.42496 0 0 0
283.2 0.54254 5.2218 -0.55728 0 0 0
283.4 0.57473 5.2306 -0.47749 0 0 0
283.6 0.65133 5.2801 -0.40259 0 0 0
283.8 0.5826 5.2443 -0.56067 0 0 0
284 0.48954 5.2178 -0.45557 0 0 0
284.2 0.62708 5.3039 -0.56631 0 0 0
284.4 0.60466 5.2209 -0.50024 0 0 0
284.6 0.4812 5.3609 -0.43996 0 0 0
284.8 0.4917 5.2681 -0.5624 0 0 0
285 0.51883 5.2542 -0.42049 0 0 0
285.2 0.54415 5.2822 -0.45492 0 0 0
285.4 0.56511 5.2912 -0.40287 0 0 0
285.6 0.51445 5.33 -0.45812 0 0 0
285.8 0.62502 5.3448 -0.49956 0 0 0
286 0.61799 5.2006 -0.45297 0 0 0
286.2 0.51418 5.1865 -0.48463 0 0 0
286.4 0.58257 5.2313 -0.56373 0 0 0
286.6 0.47974 5.2901 -0.45502 0 0 0
286.8 0.54048 5.2558 -0.47873 0 0 0
287 0.44053 4.4219 -0.38867 0 0 0
287.2 0.50591 2.7233 0.038375 0 0 0
287.4 0.51809 0.99339 0.69106 0 0 0
287.6 1.0624 -0.93007 1.8617 0 0 0
287.8 1.1507 -1.3379 2.3566 0 0 0
288 1.1921 -3.1221 2.7718 0 0 0
288.2 1.0099 -4.8971 3.1057 0 0 0
288.4 1.2413 -5.3184 3.3073 0 0 0
288.6 1.1466 -4.7421 2.9584 0 0 0
288.8 1.4297 -2.9943 3.0885 0 0 0
289 1.2166 -2.5003 2.6166 0 0 0
289.2 0.65641 -1.245 1.444 0 0 0
289.4 0.6686 0.19801 1.0117 0 0 0
289.6 0.72363 1.3885 0.77235 0 0 0
289.8 0.71922 3.5645 0.18179 0 0 0
290 0.66713 3.7073 -0.032705 0 0 0
290.2 0.4409 4.1112 -0.45593 0 0 0
290.4 0.28119 4.2467 -0.90494 0 0 0
290.6 0.26124 4.6521 -0.8683 0 0 0
290.8 0.63381 5.898 -0.71791 0 0 0
291 0.51108 5.2399 -0.57878 0 0 0
291.2 0.47162 4.3429 -0.32015 0 0 0
291.4 0.4996 2.6909 0.061943 0 0 0
291.6 0.95904 1.0218 1.0731 0 0 0
291.8 1.2621 0.3067 2.0514 0 0 0
292 0.98333 -1.1724 2.049 0 0 0
292.2 1.0237 -2.9355 2.5206 0 0 0
292.4 0.91819 -5.1644 2.953 0 0 0
292.6 1.138 -6.2042 3.5593 0 0 0
292.8 1.472 -4.5544 3.3185 0 0 0
293 1.4671 -3.9496 3.4208 0 0 0
293.2 1.2242 -3.5476 2.7791 0 0 0
293.4 0.86208 -3.0365 2.1959 0 0 0
293.6 0.81391 -1.4728 1.6395 0 0 0
293.8 1.0232 1.0415 1.0613 0 0 0
294 0.45543 2.1968 0.25234 0 0 0
294.2 0.29529 2.9429 -0.15088 0 0 0
294.4 0.29825 3.5081 -0.45404 0 0 0
294.6 0.36955 4.0008 -0.72317 0 0 0
294.8 0.49445 5.2067 -0.64008 0 0 0
295 0.60301 5.0295 -0.61601 0 0 0
295.2 0.50188 5.2012 -0.62118 0 0 0
295.4 0.61146 5.0863 -0.70604 0 0 0
295.6 0.59779 5.0278 -0.59099 0 0 0
295.8 0.48141 5.2076 -0.59878 0 0 0
296 0.63225 5.1443 -0.65462 0 0 0
296.2 0.66991 5.0986 -0.62725 0 0 0
296.4 0.56002 5.1337 -0.68706 0 0 0
296.6 0.54162 5.0839 -0.65444 0 0 0
296.8 0.48243 5.058 -0.56211 0 0 0
297 0.51771 5.022 -0.70733 0 0 0
297.2 0.58887 5.0451 -0.66049 0 0 0
297.4 0.59294 5.0891 -0.51513 0 0 0
297.6 0.52317 5.1898 -0.625 0 0 0
297.8 0.60354 5.1027 -0.68383 0 0 0
298 0.48469 5.142 -0.53714 0 0 0
298.2 0.66077 5.092 -0.70811 0 0 0
298.4 0.49117 5.1819 -0.69118 0 0 0
298.6 0.53946 5.1677 -0.66421 0 0 0
298.8 0.60288 5.0396 -0.56245 0 0 0
299 0.57345 5.033 -0.53472 0 0 0
299.2 0.57885 5.1465 -0.6697 0 0 0
299.4 0.54849 5.09 -0.57973 0 0 0
299.6 0.62645 5.036 -0.55063 0 0 0
299.8 0.52917 5.1392 -0.5246 0 0 0
300 0.60252 5.1388 -0.53952 0 0 0
300.2 0.6571 5.1968 -0.63564 0 0 0
300.4 0.5388 5.1357 -0.52699 0 0 0
300.6 0.63535 5.1115 -0.62701 0 0 0
300.8 0.63019 5.1298 -0.68188 0 0 0
301 0.49753 5.2109 -0.65242 0 0 0
301.2 0.50414 5.1182 -0.57816 0 0 0
301.4 0.55567 5.0842 -0.52758 0 0 0
301.6 0.61013 5.211 -0.52491 0 0 0
301.8 0.60421 5.2128 -0.59457 0 0 0
302 0.60866 5.1937 -0.52461 0 0 0
302.2 0.47454 5.1628 -0.63358 0 0 0
302.4 0.49839 5.1474 -0.70618 0 0 0
302.6 0.62545 5.1611 -0.65562 0 0 0
302.8 0.64105 5.1016 -0.708 0 0 0
303 0.62206 5.0944 -0.54148 0 0 0
303.2 0.66157 5.058 -0.62788 0 0 0
303.4 0.65661 5.1908 -0.69582 0 0 0
303.6 0.51728 5.2029 -0.68683 0 0 0
303.8 0.57462 5.2042 -0.66599 0 0 0
304 0.63022 5.0357 -0.66978 0 0 0
304.2 0.57716 5.026 -0.54084 0 0 0
304.4 0.59615 5.0472 -0.56155 0 0 0
304.6 0.58432 5.1199 -0.64544 0 0 0
304.8 0.61887 5.0284 -0.63743 0 0 0
305 0.48535 5.0165 -0.59541 0 0 0
305.2 0.57122 5.0328 -0.60736 0 0 0
305.4 0.51865 5.1359 -0.64767 0 0 0
305.6 0.54015 5.0257 -0.54345 0 0 0
305.8 0.58299 5.1461 -0.66126 0 0 0
306 0.6214 5.1296 -0.5276 0 0 0
306.2 0.55513 5.0292 -0.63642 0 0 0
306.4 0.57419 5.0628 -0.57777 0 0 0
306.6 0.49846 5.0847 -0.65938 0 0 0
306.8 0.51563 5.0398 -0.70879 0 0 0
307 0.53123 5.1623 -0.52626 0 0 0
307.2 0.56266 5.1036 -0.60759 0 0 0
307.4 0.52072 5.018 -0.58015 0 0 0
307.6 0.52532 5.1508 -0.59288 0 0 0
307.8 0.65098 5.1906 -0.56421 0 0 0
308 0.58989 5.0424 -0.51812 0 0 0
308.2 0.6604 5.1766 -0.56885 0 0 0
308.4 0.59628 5.065 -0.54292 0 0 0
308.6 0.52281 5.0193 -0.51602 0 0 0
308.8 0.49317 5.1206 -0.56249 0 0 0
309 0.58194 5.2014 -0.68518 0 0 0
309.2 0.5612 5.1683 -0.64912 0 0 0
309.4 0.61097 5.0954 -0.70863 0 0 0
309.6 0.62455 5.158 -0.57548 0 0 0
309.8 0.55255 5.1107 -0.52263 0 0 0
310 0.58615 5.1027 -0.56858 0 0 0
310.2 0.51378 5.2029 -0.56704 0 0 0
310.4 0.66137 5.1302 -0.67946 0 0 0
310.6 0.57523 5.1712 -0.6433 0 0 0
310.8 0.52792 5.1574 -0.59946 0 0 0
311 0.51849 5.0429 -0.6224 0 0 0
311.2 0.66325 5.153 -0.54764 0 0 0
311.4 0.61055 5.0932 -0.5513 0 0 0
311.6 0.61424 5.04 -0.6496 0 0 0
311.8 0.60405 5.1426 -0.62205 0 0 0
312 0.62846 5.1139 -0.57959 0 0 0
312.2 0.58876 5.0272 -0.59534 0 0 0
312.4 0.57331 5.1191 -0.68751 0 0 0
312.6 0.64841 5.0773 -0.71049 0 0 0
312.8 0.55126 5.1854 -0.68936 0 0 0
313 0.52119 5.0162 -0.66973 0 0 0
313.2 0.52899 5.055 -0.62456 0 0 0
313.4 0.65362 5.1906 -0.60748 0 0 0
313.6 0.6132 5.058 -0.51631 0 0 0
313.8 0.64328 5.078 -0.57092 0 0 0
314 0.5484 5.0832 -0.51837 0 0 0
314.2 0.59927 5.1745 -0.70364 0 0 0
314.4 0.47898 5.1287 -0.58701 0 0 0
314.6 0.65667 5.1771 -0.52231 0 0 0
314.8 0.43222 5.4767 -0.95674 0 0 0
315 0.30403 5.0818 -0.86979 0 0 0
315.2 0.36603 4.5433 -0.67436 0 0 0
315.4 0.45419 3.0453 -0.17735 0 0 0
315.6 0.8255 1.7703 0.74597 0 0 0
315.8 1.1209 1.1909 1.2311 0 0 0
316 1.0446 -0.68083 1.7095 0 0 0
316.2 0.82168 -2.5582 1.9632 0 0 0
316.4 0.85012 -4.1831 2.6073 0 0 0
316.6 0.84412 -5.544 3.1199 0 0 0
316.8 1.0237 -4.9252 3.0721 0 0 0
317 0.99417 -4.2736 1.807 0 0 0
317.2 0.79647 -1.2503 0.61669 0 0 0
317.4 0.26709 -0.18932 -0.51201 0 0 0
317.6 0.0016195 0.90451 -1.3942 0 0 0
317.8 -0.26217 1.7616 -1.9781 0 0 0
318 -0.033085 2.9436 -2.1484 0 0 0
318.2 0.023952 3.625 -2.0299 0 0 0
318.4 -0.19829 3.9425 -2.559 0 0 0
318.6 -0.35358 3.8937 -2.8671 0 0 0
318.8 -0.32035 3.8981 -3.0428 0 0 0
319 0.42764 4.7825 -2.0627 0 0 0
319.2 0.26712 3.161 -1.6707 0 0 0
319.4 0.18109 0.70761 -1.1035 0 0 0
319.6 0.37254 -1.5716 0.020403 0 0 0
319.8 0.685 -3.0498 1.0957 0 0 0
320 1.2793 -4.0951 2.4277 0 0 0
320.2 1.4311 -6.8389 3.4048 0 0 0
320.4 1.0301 -8.3773 3.5807 0 0 0
320.6 1.2677 -7.7138 3.3565 0 0 0
320.8 1.1103 -6.2298 2.7512 0 0 0
321 1.0859 -3.7781 2.239 0 0 0
321.2 0.7096 -2.0308 0.71024 0 0 0
321.4 0.60685 -0.71483 -0.02422 0 0 0
321.6 0.21643 0.43574 -0.90498 0 0 0
321.8 0.44451 2.4701 -1.2623 0 0 0
322 0.29669 2.2267 -1.0093 0 0 0
322.2 0.090096 0.14425 0.10715 0 0 0
322.4 0.14429 1.3823 -0.010992 0 0 0
322.6 0.2959 3.282 -0.43871 0 0 0
322.8 0.10365 3.453 -0.71995 0 0 0
323 0.10259 3.515 -0.80302 0 0 0
323.2 0.06177 3.3928 -0.66406 0 0 0
323.4 0.11734 3.3636 -0.64865 0 0 0
323.6 0.025959 3.5008 -0.69186 0 0 0
323.8 0.13095 3.4801 -0.80017 0 0 0
324 0.027814 3.4418 -0.80331 0 0 0
324.2 0.19244 3.542 -0.60703 0 0 0
324.4 0.18999 3.4545 -0.7645 0 0 0
324.6 0.085637 3.5423 -0.64016 0 0 0
324.8 0.21279 3.4584 -0.73264 0 0 0
325 0.20894 3.5446 -0.71258 0 0 0
325.2 0.21571 3.4998 -0.78282 0 0 0
325.4 0.049529 3.498 -0.64857 0 0 0
325.6 0.018569 3.36 -0.71414 0 0 0
325.8 0.067621 3.4671 -0.74541 0 0 0
326 0.087243 3.4417 -0.73315 0 0 0
326.2 0.064653 3.4847 -0.70834 0 0 0
326.4 0.16916 3.4678 -0.71858 0 0 0
326.6 0.063171 3.4023 -0.66506 0 0 0
326.8 0.10767 3.4695 -0.66981 0 0 0
327 0.069874 3.5316 -0.80345 0 0 0
327.2 0.087144 3.3601 -0.78903 0 0 0
327.4 0.19858 3.3841 -0.7127 0 0 0
327.6 0.020525 3.5141 -0.64932 0 0 0
327.8 0.04443 3.3631 -0.64147 0 0 0
328 0.095598 3.3876 -0.67855 0 0 0
328.2 0.18611 3.4231 -0.73185 0 0 0
328.4 0.060638 3.54 -0.62733 0 0 0
328.6 0.20503 3.4819 -0.75464 0 0 0
328.8 0.21195 3.3622 -0.7916 0 0 0
329 0.093037 3.4213 -0.6594 0 0 0
329.2 0.21496 3.3976 -0.65147 0 0 0
329.4 0.042402 3.4142 -0.62516 0 0 0
329.6 0.17018 3.3644 -0.65146 0 0 0
329.8 0.13386 3.5252 -0.61545 0 0 0
330 0.14222 3.5119 -0.69768 0 0 0
330.2 0.11597 3.5033 -0.61287 0 0 0
330.4 0.062075 3.5236 -0.60919 0 0 0
330.6 0.046812 3.512 -0.70041 0 0 0
330.8 0.14502 3.3832 -0.63575 0 0 0
331 0.17847 3.4359 -0.62522 0 0 0
331.2 0.15191 3.3646 -0.61858 0 0 0
331.4 0.11231 3.3593 -0.7133 0 0 0
331.6 0.20688 3.3605 -0.65299 0 0 0
331.8 0.13628 3.3926 -0.61707 0 0 0
332 0.063335 3.3892 -0.64269 0 0 0
332.2 0.15475 3.4622 -0.61875 0 0 0
332.4 0.082114 3.4428 -0.71543 0 0 0
332.6 0.16777 3.4778 -0.63805 0 0 0
332.8 0.21761 3.4145 -0.60727 0 0 0
333 0.071932 3.4776 -0.7309 0 0 0
333.2 0.20436 3.4761 -0.77067 0 0 0
333.4 0.15726 3.3834 -0.64019 0 0 0
333.6 0.037037 3.3748 -0.68741 0 0 0
333.8 0.067159 3.3655 -0.6125 0 0 0
334 0.20492 3.3927 -0.707 0 0 0
334.2 0.11394 3.4639 -0.75412 0 0 0
334.4 0.19449 3.5273 -0.66918 0 0 0
334.6 0.17384 3.4203 -0.62193 0 0 0
334.8 0.021642 3.3973 -0.68141 0 0 0
335 0.17214 3.3721 -0.74033 0 0 0
335.2 0.15514 3.5483 -0.70672 0 0 0
335.4 0.19152 3.408 -0.72333 0 0 0
335.6 0.13409 3.4841 -0.78804 0 0 0
335.8 0.14321 3.4004 -0.68643 0 0 0
336 0.040214 3.4074 -0.62902 0 0 0
336.2 0.060724 3.5077 -0.69416 0 0 0
336.4 0.025259 3.3903 -0.74493 0 0 0
336.6 0.10689 3.5237 -0.62542 0 0 0
336.8 0.083301 3.3779 -0.64596 0 0 0
337 0.075444 3.555 -0.64966 0 0 0
337.2 0.11728 3.4897 -0.68503 0 0 0
337.4 0.054326 3.4159 -0.69338 0 0 0
337.6 0.20474 3.5325 -0.74488 0 0 0
337.8 0.20602 3.3651 -0.69529 0 0 0
338 0.13628 3.5113 -0.60646 0 0 0
338.2 0.018147 3.5383 -0.70814 0 0 0
338.4 0.19859 3.4828 -0.66787 0 0 0
338.6 0.15456 3.5032 -0.70882 0 0 0
338.8 0.032755 3.4518 -0.65552 0 0 0
339 0.21726 3.5108 -0.76254 0 0 0
339.2 0.080876 3.3605 -0.75513 0 0 0
339.4 0.17983 3.3978 -0.78526 0 0 0
339.6 0.11028 3.3774 -0.66309 0 0 0
339.8 0.13541 3.3926 -0.63368 0 0 0
340 0.1135 3.5475 -0.64702 0 0 0
340.2 0.12848 3.5289 -0.65626 0 0 0
340.4 0.053048 3.3865 -0.78392 0 0 0
340.6 0.13543 3.4912 -0.70065 0 0 0
340.8 0.048945 3.3668 -0.6355 0 0 0
341 0.10708 3.3887 -0.6361 0 0 0
341.2 0.12551 3.396 -0.72928 0 0 0
341.4 0.11037 3.4881 -0.75041 0 0 0
341.6 0.18481 3.5304 -0.77977 0 0 0
341.8 0.21722 3.5297 -0.66656 0 0 0
342 0.21243 3.4579 -0.6938 0 0 0
342.2 0.16717 3.5152 -0.80313 0 0 0
342.4 0.057976 3.414 -0.72162 0 0 0
342.6 0.025251 3.5525 -0.717 0 0 0
342.8 0.096306 3.7068 -0.67449 0 0 0
343 -0.15822 3.6917 -1.2466 0 0 0
343.2 -0.16183 3.6875 -1.2951 0 0 0
343.4 -0.024587 4.6837 -1.3858 0 0 0
343.6 0.11906 6.1118 -1.4834 0 0 0
343.8 0.10373 5.7727 -1.4483 0 0 0
344 -0.26187 5.0774 -1.7191 0 0 0
344.2 -0.10893 4.0774 -1.2872 0 0 0
344.4 -0.01862 3.0358 -0.76628 0 0 0
344.6 0.3918 2.7342 0.036199 0 0 0
344.8 0.36451 0.67959 0.3838 0 0 0
345 0.33198 -1.5642 1.1308 0 0 0
345.2 0.30999 -3.4668 1.4091 0 0 0
345.4 0.27509 -4.1233 1.7488 0 0 0
345.6 0.55917 -2.8851 1.8426 0 0 0
345.8 0.74281 -2.4198 1.8064 0 0 0
346 0.40043 -2.2681 1.29 0 0 0
346.2 0.35892 -1.2368 0.89701 0 0 0
346.4 0.24171 0.58029 0.35269 0 0 0
346.6 0.51652 2.872 0.011264 0 0 0
346.8 -0.1836 3.1269 -0.79046 0 0 0
347 -0.28585 3.2804 -1.1151 0 0 0
347.2 -0.092204 3.7579 -1.1489 0 0 0
347.4 -0.11469 4.4339 -1.3375 0 0 0
347.6 0.17507 5.8967 -1.3948 0 0 0
347.8 0.017114 5.5342 -1.5313 0 0 0
348 -0.11422 5.4332 -1.4992 0 0 0
348.2 -0.22392 4.7463 -1.5081 0 0 0
348.4 0.26427 4.262 -0.84055 0 0 0
348.6 0.55059 3.9662 -0.27445 0 0 0
348.8 0.6066 1.96 0.29391 0 0 0
349 0.56178 -0.26887 0.96766 0 0 0
349.2 0.35511 -2.2129 1.5429 0 0 0
349.4 0.69841 -3.7514 2.3938 0 0 0
349.6 0.82737 -4.4007 2.7838 0 0 0
349.8 0.97529 -4.915 2.8845 0 0 0
350 0.78679 -4.8637 2.7096 0 0 0
350.2 0.75272 -4.509 2.5478 0 0 0
350.4 1.1596 -3.2087 2.5775 0 0 0
350.6 1.3331 -0.74743 2.023 0 0 0
350.8 1.0754 -0.14221 1.528 0 0 0
351 0.93895 -0.22955 1.5457 0 0 0
351.2 1.1106 -0.15563 1.5343 0 0 0
351.4 1.1178 -0.27327 1.4927 0 0 0
351.6 1.0444 -0.28 1.4843 0 0 0
351.8 1.1144 -0.16231 1.5767 0 0 0
352 0.98907 -0.18228 1.5304 0 0 0
352.2 1.1032 -0.25922 1.6654 0 0 0
352.4 0.92301 -0.16164 1.6116 0 0 0
352.6 1.0196 -0.25297 1.5813 0 0 0
352.8 0.95243 -0.24483 1.6103 0 0 0
353 0.98593 -0.25312 1.6622 0 0 0
353.2 0.95721 -0.24706 1.5523 0 0 0
353.4 1.0415 -0.19902 1.6495 0 0 0
353.6 1.0545 -0.31899 1.6463 0 0 0
353.8 0.99273 -0.19141 1.6339 0 0 0
354 0.93367 -0.3121 1.4765 0 0 0
354.2 0.93237 -0.2388 1.5387 0 0 0
354.4 0.93411 -0.28617 1.526 0 0 0
354.6 0.93724 -0.21977 1.5927 0 0 0
354.8 0.92607 -0.29258 1.4941 0 0 0
