0 0 0 0 0 0 0
0.2 -0.037389 -1.1229 0.34035 0 0 0
0.4 0.012765 -2.373 0.4862 0 0 0
0.6 0.003547 -3.5655 0.76659 0 0 0
0.8 0.10966 -4.3981 0.65966 0 0 0
1 0.12259 -5.2362 0.82076 0 0 0
1.2 0.19122 -5.1629 0.62503 0 0 0
1.4 0.18101 -4.5289 0.51114 0 0 0
1.6 0.1393 -3.6495 0.41014 0 0 0
1.8 0.14256 -2.2209 0.087933 0 0 0
2 0.12465 -1.0837 -0.11898 0 0 0
2.2 0.10872 -0.34756 -0.25461 0 0 0
2.4 0.083027 0.32447 -0.34476 0 0 0
2.6 0.041692 0.86461 -0.38773 0 0 0
2.8 -0.023412 1.2296 -0.35835 0 0 0
3 0.047012 1.7544 -0.58855 0 0 0
3.2 -0.008933 1.7464 -0.49148 0 0 0
3.4 -0.031826 1.2735 -0.36949 0 0 0
3.6 0.008426 0.42623 -0.25949 0 0 0
3.8 -0.14708 -0.34381 0.11071 0 0 0
4 -0.15266 -1.1321 0.25225 0 0 0
4.2 -0.047452 -1.9782 0.2823 0 0 0
4.4 -0.046651 -3.1352 0.49847 0 0 0
4.6 0.004252 -4.4987 0.69331 0 0 0
4.8 0.062135 -5.9211 0.88987 0 0 0
5 0.051751 -7.1382 1.1351 0 0 0
5.2 0.25173 -7.1489 0.92438 0 0 0
5.4 0.42354 -6.3168 0.57654 0 0 0
5.6 0.59426 -5.2394 0.22129 0 0 0
5.8 0.45276 -4.1936 0.15546 0 0 0
6 0.3483 -2.7562 -0.006669 0 0 0
6.2 0.29216 -1.077 -0.26661 0 0 0
6.4 0.14658 -0.085902 -0.31696 0 0 0
6.6 0.19506 0.48682 -0.48174 0 0 0
6.8 0.12285 0.78202 -0.45794 0 0 0 
7 -0.054808 1.2062 -0.3935 0 0 0
7.2 -0.063587 1.7846 -0.51097 0 0 0
7.4 0.075524 1.511 -0.53605 0 0 0
7.6 -0.10294 0.84633 -0.30519 0 0 0
7.8 -0.017272 -0.19017 -0.1692 0 0 0
8 -0.21652 -1.3487 0.15369 0 0 0
8.2 -0.2013 -2.6881 0.37071 0 0 0
8.4 -0.22828 -3.6099 0.5528 0 0 0
8.6 -0.18648 -5.0026 0.77165 0 0 0
8.8 -0.049255 -6.4407 0.9346 0 0 0
9 0.12276 -7.2264 0.99862 0 0 0
9.2 0.14597 -6.953 0.91596 0 0 0
9.4 0.40719 -5.3286 0.49974 0 0 0
9.6 0.70889 -4.1668 0.17884 0 0 0
9.8 0.57933 -2.8949 0.00618 0 0 0
10 0.41181 -1.8685 -0.088864 0 0 0
10.2 0.24273 -0.8664 -0.18515 0 0 0
10.4 0.024773 0.059121 -0.26926 0 0 0
10.6 0.26855 0.93829 -0.52029 0 0 0
10.8 0.24637 1.168 -0.53796 0 0 0
11 0.27482 1.3893 -0.5843 0 0 0
11.2 -0.18765 1.4376 -0.46073 0 0 0
11.4 -0.15579 1.0179 -0.38859 0 0 0
11.6 -0.18986 0.47975 -0.29994 0 0 0
11.8 -0.040343 -0.48755 -0.17448 0 0 0
12 -0.038134 -1.4552 -0.004721 0 0 0
12.2 -0.16687 -2.8778 0.2491 0 0 0
12.4 -0.21652 -4.1964 0.47163 0 0 0
12.6 -0.32642 -5.1705 0.64226 0 0 0
12.8 0.060069 -5.067 0.57646 0 0 0
13 0.4655 -4.3409 0.42105 0 0 0
13.2 0.43711 -3.5183 0.28922 0 0 0
13.4 0.31858 -2.7395 0.172 0 0 0
13.6 0.25096 -1.4862 -0.037399 0 0 0
13.8 0.13383 -0.21041 -0.2445 0 0 0
14 0.284 0.47565 -0.35521 0 0 0
14.2 0.29986 0.99807 -0.42542 0 0 0
14.4 0.13761 1.2102 -0.47152 0 0 0
14.6 0.018724 1.4346 -0.52426 0 0 0
14.8 -0.057903 1.7248 -0.58919 0 0 0
15 0.022047 1.8566 -0.58919 0 0 0
15.2 0.30118 1.1223 -0.42307 0 0 0
15.4 0.2803 0.49228 -0.32219 0 0 0
15.6 0.18336 -0.48108 -0.18835 0 0 0
15.8 0.11259 -1.566 -0.026484 0 0 0
16 0.083364 -2.6648 0.13501 0 0 0
16.2 0.18744 -3.6831 0.33284 0 0 0
16.4 0.16381 -5.0479 0.53797 0 0 0
16.6 0.15613 -6.3055 0.72355 0 0 0
16.8 0.22305 -6.9086 0.83872 0 0 0
17 0.33578 -6.5567 0.84964 0 0 0
17.2 0.62123 -5.3387 0.79299 0 0 0
17.4 0.72459 -4.4253 0.7136 0 0 0
17.6 0.63072 -3.4054 0.52399 0 0 0
17.8 0.46018 -2.5267 0.32373 0 0 0
18 0.39701 -1.3647 0.11623 0 0 0
18.2 0.37788 -0.19063 -0.060284 0 0 0
18.4 0.52785 0.4943 -0.04189 0 0 0
18.6 0.39529 0.92927 -0.18955 0 0 0
18.8 0.33129 1.2653 -0.27609 0 0 0
19 0.21851 1.1913 -0.34316 0 0 0
19.2 0.27626 0.59972 -0.21542 0 0 0
19.4 0.4535 -0.37026 0.094301 0 0 0
19.6 0.41258 -1.4986 0.22731 0 0 0
19.8 0.30786 -3.1723 0.38364 0 0 0
20 0.34607 -4.8254 0.66422 0 0 0
20.2 0.31483 -6.2218 0.81782 0 0 0
20.4 0.45058 -7.1177 1.1137 0 0 0
20.6 0.46527 -7.9143 1.2512 0 0 0
20.8 0.43674 -7.7474 1.2027 0 0 0
21 0.4536 -6.3538 1.0502 0 0 0
21.2 0.42622 -4.7571 0.81967 0 0 0
21.4 0.32896 -2.9681 0.45757 0 0 0
21.6 0.42484 -1.8649 0.5117 0 0 0
21.8 0.3095 -1.0864 0.24192 0 0 0
22 0.2866 -0.61883 0.1653 0 0 0
22.2 0.26695 0.015823 0.065719 0 0 0
22.4 0.1776 0.61835 -0.16233 0 0 0
22.6 0.20832 0.98919 -0.1018 0 0 0
22.8 0.22225 1.1447 -0.051695 0 0 0
23 0.19288 0.62926 -0.0749 0 0 0
23.2 0.20174 0.002305 0.043558 0 0 0
23.4 0.27216 -0.73415 0.34124 0 0 0
23.6 0.20382 -1.4699 0.24065 0 0 0
23.8 0.26446 -2.6049 0.56283 0 0 0
24 0.28008 -3.9491 0.74435 0 0 0
24.2 0.28934 -5.7267 0.91237 0 0 0
24.4 0.30963 -7.4809 1.1762 0 0 0
24.6 0.35568 -8.6741 1.4194 0 0 0
24.8 0.35816 -8.7976 1.4924 0 0 0
25 0.33276 -8.1767 1.2469 0 0 0
25.2 0.25532 -6.6147 0.65051 0 0 0
25.4 0.2278 -5.3516 0.57054 0 0 0
25.6 0.20288 -3.6909 0.53654 0 0 0
25.8 0.14872 -1.9322 0.2893 0 0 0
26 0.1027 -0.99951 0.2679 0 0 0
26.2 0.081232 -0.24296 -0.10454 0 0 0
26.4 0.09045 0.11972 -0.20985 0 0 0
26.6 0.042362 0.62634 -0.020209 0 0 0
26.8 0.048428 1.1853 -0.29518 0 0 0
27 0.029111 1.2391 -0.17348 0 0 0
27.2 0.038213 1.3752 -0.46064 0 0 0
27.4 0.03372 1.1072 -0.29766 0 0 0
27.6 -0.017644 0.58708 0.093175 0 0 0
27.8 -0.001374 0.005646 0.14151 0 0 0
28 0.034014 -0.61812 0.076165 0 0 0
28.2 0.032293 -1.5592 0.343 0 0 0
28.4 0.054374 -2.7653 0.57954 0 0 0
28.6 0.14049 -4.0371 0.51338 0 0 0
28.8 0.1248 -5.5717 0.96776 0 0 0
29 0.11937 -6.5665 1.2197 0 0 0
29.2 0.237 -7.2362 1.0138 0 0 0
29.4 0.24228 -7.0401 0.93198 0 0 0
29.6 0.37576 -5.7791 0.31038 0 0 0
29.8 0.24753 -4.6161 0.39501 0 0 0
30 0.23635 -3.026 0.054927 0 0 0
30.2 0.28712 -1.6176 -0.3648 0 0 0
30.4 0.29814 -0.69693 -0.56676 0 0 0
30.6 0.23899 -0.22182 -0.54241 0 0 0
30.8 0.2662 0.36892 -0.70276 0 0 0
31 0.13727 0.74757 -0.53196 0 0 0
31.2 0.24094 1.1127 -0.77472 0 0 0
31.4 0.17698 1.2686 -0.68953 0 0 0
31.6 0.26369 1.3726 -0.83825 0 0 0
31.8 0.1924 0.87158 -0.62101 0 0 0
32 0.17064 0.029073 -0.40738 0 0 0
32.2 0.025285 -0.86506 -0.02257 0 0 0
32.4 0.092252 -1.7348 0.062979 0 0 0
32.6 0.16582 -2.8188 0.17584 0 0 0
32.8 0.097019 -4.2566 0.55663 0 0 0
33 0.24175 -5.7183 0.65264 0 0 0
33.2 0.34704 -7.002 0.77411 0 0 0
33.4 0.39578 -7.3677 0.80447 0 0 0
33.6 0.54207 -6.4245 0.48369 0 0 0
33.8 0.60747 -5.1709 0.18216 0 0 0
34 0.85164 -4.0339 -0.26949 0 0 0
34.2 0.63773 -2.8291 -0.27809 0 0 0
34.4 0.52283 -1.6901 -0.37737 0 0 0
34.6 0.60816 -0.42434 -0.6685 0 0 0
34.8 0.56351 0.10872 -0.70274 0 0 0
35 0.5759 0.54343 -0.78698 0 0 0
35.2 0.50632 0.76479 -0.77199 0 0 0
35.4 0.16752 0.9481 -0.52751 0 0 0
35.6 0.31599 0.92208 -0.61786 0 0 0
35.8 0.31316 0.017991 -0.45248 0 0 0
36 0.25764 -1.0659 -0.21196 0 0 0
36.2 0.16112 -2.4559 0.10437 0 0 0
36.4 -0.025812 -4.1952 0.55354 0 0 0
36.6 0.040152 -5.7719 0.78857 0 0 0
36.8 0.26649 -7.1893 0.89944 0 0 0
37 0.029366 -9.2336 1.4284 0 0 0
37.2 0.076533 -12.536 1.9676 0 0 0
37.4 0.49358 -12.643 1.7979 0 0 0
37.6 0.802 -11.946 1.5137 0 0 0
37.8 0.85536 -10.022 1.1479 0 0 0
38 0.82471 -8.5938 0.91324 0 0 0
38.2 0.78679 -7.3047 0.7066 0 0 0
38.4 0.68277 -6.4926 0.62037 0 0 0
38.6 0.52389 -5.4961 0.49649 0 0 0
38.8 0.69143 -4.5888 0.30939 0 0 0
39 0.65933 -3.9278 0.20525 0 0 0
39.2 0.49089 -3.4988 0.21253 0 0 0
39.4 0.44556 -2.8044 0.092217 0 0 0
39.6 0.3684 -1.929 -0.033989 0 0 0
39.8 0.42662 -0.91408 -0.21914 0 0 0
40 0.22085 -0.40926 -0.24476 0 0 0
40.2 0.13315 -0.084743 -0.27167 0 0 0
40.4 0.035743 0.26122 -0.31296 0 0 0
40.6 -0.22052 0.58036 -0.33464 0 0 0
40.8 -0.15629 0.51121 -0.32521 0 0 0
41 -0.06955 -0.32109 -0.20092 0 0 0
41.2 -0.00598 -0.92895 -0.12301 0 0 0
41.4 -0.17318 -2.0583 0.083448 0 0 0
41.6 -0.21649 -3.2481 0.27084 0 0 0
41.8 -0.31171 -4.3938 0.46382 0 0 0
42 -0.17682 -5.2953 0.58617 0 0 0
42.2 -0.21326 -6.6531 0.82124 0 0 0
42.4 -0.15967 -7.8653 1.0065 0 0 0
42.6 0.022571 -8.1878 1.0581 0 0 0
42.8 0.12736 -7.491 0.9429 0 0 0
43 0.33919 -5.5546 0.65346 0 0 0
43.2 0.29355 -3.9861 0.3928 0 0 0
43.4 0.11982 -2.592 0.14558 0 0 0
43.6 0.02936 -1.743 -0.011202 0 0 0
43.8 -0.081893 -0.96595 -0.1569 0 0 0
44 -0.18394 -0.43846 -0.26204 0 0 0
44.2 -0.090935 -0.10723 -0.29928 0 0 0
44.4 -0.11617 0.31156 -0.38997 0 0 0
44.6 -0.11258 0.29933 -0.38829 0 0 0
44.8 -0.26936 0.52392 -0.46699 0 0 0
45 -0.35811 0.72261 -0.54442 0 0 0
45.2 -0.1864 0.29146 -0.4282 0 0 0
45.4 -0.064113 -0.86366 -0.20716 0 0 0
45.6 -0.11293 -1.9733 -0.067053 0 0 0
45.8 -0.23123 -3.4891 0.10524 0 0 0
46 -0.33802 -4.8936 0.26586 0 0 0
46.2 -0.28023 -6.0328 0.45015 0 0 0
46.4 -0.062275 -7.0388 0.69234 0 0 0
46.6 -0.056011 -7.7219 0.79973 0 0 0
46.8 -0.083776 -7.3426 0.72307 0 0 0
47 0.085655 -5.8181 0.58791 0 0 0
47.2 0.004711 -3.8443 0.23889 0 0 0
47.4 0.043432 -1.908 -0.027504 0 0 0
47.6 0.008589 -0.99126 -0.18396 0 0 0
47.8 -0.11247 -0.39183 -0.36772 0 0 0
48 -0.2121 -0.10227 -0.50103 0 0 0
48.2 -0.29763 0.31897 -0.65176 0 0 0
48.4 -0.20611 0.82042 -0.66029 0 0 0
48.6 -0.094121 0.93122 -0.58436 0 0 0
48.8 -0.23747 1.0344 -0.74945 0 0 0
49 -0.17967 0.85596 -0.67574 0 0 0
49.2 -0.1405 0.067145 -0.54256 0 0 0
49.4 -0.062413 -0.53268 -0.37819 0 0 0
49.6 -0.027308 -1.7237 -0.18989 0 0 0
49.8 0.020204 -3.0754 0.0502 0 0 0
50 -0.038804 -4.8199 0.17974 0 0 0
50.2 -0.086766 -5.9955 0.26294 0 0 0
50.4 -0.058358 -6.1954 0.28914 0 0 0
50.6 0.093289 -5.1413 0.37563 0 0 0
50.8 0.089839 -3.8393 0.19248 0 0 0
51 -0.044095 -2.4094 -0.21771 0 0 0
51.2 -0.029841 -1.3303 -0.32055 0 0 0
51.4 -0.083409 -0.28849 -0.56386 0 0 0
51.6 -0.12507 0.6844 -0.78105 0 0 0
51.8 -0.051784 1.1873 -0.73501 0 0 0
52 -0.039079 1.4135 -0.72521 0 0 0
52.2 -0.060475 1.5681 -0.81432 0 0 0
52.4 -0.11294 1.7097 -0.93362 0 0 0
52.6 -0.094707 1.9709 -0.95423 0 0 0
52.8 -0.047345 1.5869 -0.78355 0 0 0
53 0.050407 0.74567 -0.41693 0 0 0
53.2 0.032303 -0.19342 -0.41592 0 0 0
53.4 0.070608 -1.3831 -0.25311 0 0 0
53.6 0.1122 -2.7889 0.069791 0 0 0
53.8 0.12445 -3.6961 0.073287 0 0 0
54 0.16048 -4.6484 0.31215 0 0 0
54.2 0.15505 -4.5527 0.23597 0 0 0
54.4 0.12023 -4.1695 0.10015 0 0 0
54.6 0.11621 -3.1798 -0.071894 0 0 0
54.8 0.13269 -2.0143 -0.036086 0 0 0
55 0.079367 -0.71453 -0.23662 0 0 0
55.2 0.078162 0.14308 -0.32148 0 0 0
55.4 0.043738 0.91532 -0.73757 0 0 0
55.6 0.023098 1.2691 -0.76783 0 0 0
55.8 0.025366 1.5617 -0.80307 0 0 0
56 0.018278 1.8027 -0.81679 0 0 0
56.2 0.053373 1.3637 -0.52229 0 0 0
56.4 0.061374 0.78093 -0.45943 0 0 0
56.6 0.080128 -0.20682 -0.2927 0 0 0
56.8 0.24962 -5.6134 0.60732 0 0 0
57 0.21149 -4.0254 0.13795 0 0 0
57.2 0.19037 -2.6093 -0.12203 0 0 0
57.4 0.13636 -1.3315 -0.13789 0 0 0
57.6 0.074969 -0.43544 -0.029722 0 0 0
57.8 0.07456 0.48891 -0.32878 0 0 0
58 0.033278 0.90264 -0.28666 0 0 0
58.2 0.058205 1.2122 -0.47785 0 0 0
58.4 0.043791 1.3539 -0.47459 0 0 0
58.6 -0.007212 1.5591 -0.30846 0 0 0
58.8 -0.024456 1.4329 -0.24503 0 0 0
59 -0.053804 1.2446 -0.094556 0 0 0
59.2 -0.062023 0.34764 0.099411 0 0 0
59.4 -0.070957 -0.41085 0.30583 0 0 0
59.6 -0.032218 -1.5317 0.42913 0 0 0
59.8 0.048246 -2.731 0.47823 0 0 0
60 0.023905 -3.8062 0.76232 0 0 0
60.2 0.11426 -4.7447 0.72243 0 0 0
60.4 0.11548 -5.2984 0.8471 0 0 0
60.6 0.23518 -5.0296 0.49912 0 0 0
60.8 0.18621 -4.301 0.45039 0 0 0
61 0.1333 -3.35 0.35121 0 0 0
61.2 0.16379 -1.7703 -0.048399 0 0 0
61.4 0.080784 -0.89764 -0.080047 0 0 0
61.6 0.12176 -0.054275 -0.33073 0 0 0
61.8 0.04084 0.40434 -0.2931 0 0 0
62 0.071716 1.0831 -0.4862 0 0 0
62.2 -0.0114 1.4277 -0.41977 0 0 0
62.4 0.065063 1.756 -0.61598 0 0 0
62.6 -0.088607 1.6919 -0.36212 0 0 0
62.8 -0.048888 0.98134 -0.28507 0 0 0
63 -0.048915 0.2687 -0.14773 0 0 0
63.2 -0.142 -0.60341 0.14946 0 0 0
63.4 -0.15201 -1.3048 0.28201 0 0 0
63.6 -0.057201 -2.3257 0.35737 0 0 0
63.8 -0.060362 -3.4849 0.58567 0 0 0
64 0.04218 -4.9183 0.72493 0 0 0
64.2 0.078529 -6.262 0.92334 0 0 0
64.4 0.071555 -7.2521 1.1379 0 0 0
64.6 0.2298 -6.9922 0.9182 0 0 0
64.8 0.44984 -6.1254 0.53003 0 0 0
65 0.52849 -4.9939 0.25064 0 0 0
65.2 0.47103 -3.8041 0.069649 0 0 0
65.4 0.27378 -2.2798 -0.027615 0 0 0
65.6 0.27163 -0.7496 -0.30255 0 0 0
65.8 0.20975 0.053706 -0.39374 0 0 0
66 0.15063 0.55296 -0.44008 0 0 0
66.2 0.022871 0.85567 -0.3921 0 0 0
66.4 -0.07254 1.3244 -0.40684 0 0 0
66.6 -0.052916 1.8509 -0.532 0 0 0
66.8 0.003269 1.2984 -0.44927 0 0 0
67 -0.000472 0.57344 -0.32411 0 0 0
67.2 -0.094192 -0.52701 -0.071139 0 0 0
67.4 -0.27431 -1.7522 0.25457 0 0 0
67.6 -0.041261 -0.98545 0.31469 0 0 0
67.8 -0.014227 -2.2537 0.52595 0 0 0
68 0.002796 -3.4464 0.74353 0 0 0
68.2 0.099143 -4.2942 0.66527 0 0 0
68.4 0.12273 -5.1985 0.81182 0 0 0
68.6 0.17451 -5.1999 0.67099 0 0 0
68.8 0.17496 -4.5895 0.53833 0 0 0
69 0.14151 -3.7101 0.4219 0 0 0
69.2 0.13841 -2.3962 0.13344 0 0 0
69.4 0.13776 -1.156 -0.12806 0 0 0
69.6 0.10227 -0.44031 -0.22474 0 0 0
69.8 0.09756 0.30121 -0.36312 0 0 0
70 0.028911 0.78498 -0.34827 0 0 0
70.2 0.009087 1.2488 -0.41629 0 0 0
70.4 0.048239 1.754 -0.59008 0 0 0
70.6 0.012755 1.7558 -0.52697 0 0 0
70.8 -0.03013 1.3622 -0.38954 0 0 0
71 0.026299 0.46488 -0.29188 0 0 0
71.2 -0.14503 -0.26626 0.094314 0 0 0
71.4 -0.14545 -1.0745 0.23347 0 0 0
71.6 -0.060271 -1.8623 0.27601 0 0 0
71.8 -0.045492 -3.0197 0.47417 0 0 0
72 -0.010289 -4.362 0.68639 0 0 0
72.2 0.051063 -5.8261 0.89211 0 0 0
72.4 0.052769 -7.0433 1.1149 0 0 0
72.6 0.22507 -7.1779 0.959 0 0 0
72.8 0.39339 -6.4075 0.62421 0 0 0
73 0.60163 -5.3381 0.23003 0 0 0
73.2 0.44251 -4.311 0.1852 0 0 0
73.4 0.37925 -2.8734 -0.015423 0 0 0
73.6 0.27352 -1.2113 -0.22787 0 0 0
73.8 0.15217 -0.16494 -0.30671 0 0 0
74 0.20832 0.44317 -0.48592 0 0 0
74.2 0.15326 0.75933 -0.47753 0 0 0
74.4 -0.043482 1.1668 -0.39151 0 0 0
74.6 -0.058805 1.6884 -0.49062 0 0 0
74.8 0.059526 1.5702 -0.53798 0 0 0
75 -0.11369 0.91892 -0.31028 0 0 0
75.2 0.00389 -0.077822 -0.20065 0 0 0
75.4 -0.18756 -1.218 0.11562 0 0 0
75.6 -0.19959 -2.5767 0.35362 0 0 0
75.8 -0.20923 -3.4796 0.51986 0 0 0
76 -0.172 -4.8624 0.73698 0 0 0
76.2 -0.05467 -6.3223 0.92119 0 0 0
76.4 0.071342 -7.2012 1.0191 0 0 0
76.6 0.16165 -7.0492 0.92494 0 0 0
76.8 0.37872 -5.499 0.54272 0 0 0
77 0.68437 -4.2462 0.20362 0 0 0
77.2 0.59614 -3.0417 0.027096 0 0 0
77.4 0.4317 -1.9508 -0.085546 0 0 0
77.6 0.25616 -0.97952 -0.16919 0 0 0
77.8 0.042362 -0.072464 -0.25086 0 0 0
78 0.2135 0.88143 -0.49372 0 0 0
78.2 0.25231 1.1343 -0.53298 0 0 0
78.4 0.28157 1.3596 -0.58068 0 0 0
78.6 -0.15658 1.4547 -0.47245 0 0 0
78.8 -0.18265 1.1085 -0.39462 0 0 0
79 -0.2312 0.53336 -0.30068 0 0 0
79.2 -0.058251 -0.35028 -0.19475 0 0 0
79.4 -0.036498 -1.3266 -0.028152 0 0 0
79.6 -0.15289 -2.7404 0.2233 0 0 0
79.8 -0.18976 -4.0713 0.44895 0 0 0
80 -0.34416 -5.1186 0.6349 0 0 0
80.2 0.006798 -5.1237 0.59252 0 0 0
80.4 0.44443 -4.438 0.43771 0 0 0
80.6 0.42811 -3.5748 0.29857 0 0 0
80.8 0.3256 -2.832 0.18653 0 0 0
81 0.26671 -1.5784 -0.022901 0 0 0
81.2 0.077958 -0.33809 -0.22319 0 0 0
81.4 0.28946 0.43794 -0.35018 0 0 0
81.6 0.29909 0.9435 -0.41581 0 0 0
81.8 0.15006 1.1908 -0.4681 0 0 0
82 0.031731 1.3992 -0.51933 0 0 0
82.2 -0.039153 1.6877 -0.57975 0 0 0
82.4 -0.013799 1.8912 -0.59736 0 0 0
82.6 0.2951 1.1888 -0.43505 0 0 0
82.8 0.29361 0.57032 -0.33184 0 0 0
83 0.19684 -0.37611 -0.2013 0 0 0
83.2 0.11979 -1.4436 -0.045319 0 0 0
83.4 0.072602 -2.6134 0.12523 0 0 0
83.6 0.13551 -3.5605 0.29807 0 0 0
83.8 0.17273 -4.9201 0.51971 0 0 0
84 0.15997 -6.2015 0.70838 0 0 0
84.2 0.22024 -6.8865 0.83448 0 0 0
84.4 0.35223 -6.6823 0.87362 0 0 0
84.6 0.59786 -5.4285 0.79696 0 0 0
84.8 0.74455 -4.5035 0.73439 0 0 0
85 0.63943 -3.4894 0.54024 0 0 0
85.2 0.45742 -2.6461 0.33886 0 0 0
85.4 0.41652 -1.4887 0.14667 0 0 0
85.6 0.35831 -0.2621 -0.062651 0 0 0
85.8 0.52997 0.47449 -0.040616 0 0 0
86 0.39579 0.92297 -0.18954 0 0 0
86.2 0.34253 1.2312 -0.26466 0 0 0
86.4 0.22072 1.2777 -0.35426 0 0 0
86.6 0.26336 0.65089 -0.23204 0 0 0
86.8 0.44348 -0.24973 0.065501 0 0 0
87 0.42222 -1.3737 0.21766 0 0 0
87.2 0.31424 -2.997 0.36423 0 0 0
87.4 0.345 -4.6536 0.63926 0 0 0
87.6 0.31242 -6.1347 0.80436 0 0 0
87.8 0.4369 -7.0154 1.0852 0 0 0
88 0.4829 -7.8985 1.2707 0 0 0
88.2 0.43327 -7.823 1.2061 0 0 0
88.4 0.45676 -6.5211 1.0786 0 0 0
88.6 0.43431 -4.8965 0.85193 0 0 0
88.8 0.32205 -3.1421 0.4653 0 0 0
89 0.43559 -1.9349 0.53195 0 0 0
89.2 0.33012 -1.1546 0.28478 0 0 0
89.4 0.28821 -0.66087 0.17113 0 0 0
89.6 0.27515 -0.065407 0.092349 0 0 0
89.8 0.17782 0.55076 -0.15982 0 0 0
90 0.21848 0.95409 -0.070492 0 0 0
90.2 0.23364 1.1439 -0.035868 0 0 0
90.4 0.19373 0.7109 -0.079499 0 0 0
90.6 0.20087 0.070502 0.029789 0 0 0
90.8 0.26988 -0.62944 0.31434 0 0 0
91 0.20793 -1.4188 0.24942 0 0 0
91.2 0.25845 -2.4503 0.52544 0 0 0
91.4 0.27954 -3.8202 0.73298 0 0 0
91.6 0.28606 -5.5763 0.89463 0 0 0
91.8 0.30305 -7.3263 1.1358 0 0 0
92 0.35264 -8.5864 1.3908 0 0 0
92.2 0.36075 -8.815 1.4947 0 0 0
92.4 0.33682 -8.2802 1.3007 0 0 0
92.6 0.25779 -6.7634 0.69165 0 0 0
92.8 0.23135 -5.497 0.58646 0 0 0
93 0.20623 -3.8723 0.56554 0 0 0
93.2 0.15387 -2.0532 0.33971 0 0 0
93.4 0.10592 -1.0516 0.23916 0 0 0
93.6 0.085796 -0.29355 -0.074485 0 0 0
93.8 0.091187 0.067676 -0.20007 0 0 0
94 0.041417 0.58449 -0.023324 0 0 0
94.2 0.048643 1.1586 -0.29652 0 0 0
94.4 0.029669 1.239 -0.17037 0 0 0
94.6 0.039954 1.3578 -0.45558 0 0 0
94.8 0.037307 1.1592 -0.33507 0 0 0
95 -0.019524 0.6392 0.093369 0 0 0
95.2 -0.002179 0.05045 0.14364 0 0 0
95.4 0.033768 -0.56541 0.044414 0 0 0
95.6 0.025618 -1.4717 0.33458 0 0 0
95.8 0.057316 -2.6088 0.52688 0 0 0
96 0.12993 -3.9043 0.52287 0 0 0
96.2 0.12213 -5.4334 0.94251 0 0 0
96.4 0.12273 -6.4515 1.1901 0 0 0
96.6 0.22768 -7.2176 1.0305 0 0 0
96.8 0.24236 -7.0916 0.95211 0 0 0
97 0.36982 -5.9134 0.35712 0 0 0
97.2 0.26055 -4.7454 0.3901 0 0 0
97.4 0.24408 -3.2009 0.074061 0 0 0
97.6 0.30398 -1.74 -0.3794 0 0 0
97.8 0.27971 -0.76665 -0.5145 0 0 0
98 0.23242 -0.27403 -0.51929 0 0 0
98.2 0.2663 0.30801 -0.6903 0 0 0
98.4 0.13559 0.70334 -0.52129 0 0 0
98.6 0.22063 1.1064 -0.73746 0 0 0
98.8 0.15673 1.2339 -0.64875 0 0 0
99 0.23925 1.3911 -0.80506 0 0 0
99.2 0.18833 0.91151 -0.62181 0 0 0
99.4 0.18344 0.12307 -0.44581 0 0 0
99.6 0.02323 -0.78039 -0.03702 0 0 0
99.8 0.075377 -1.6278 0.062838 0 0 0
100 0.16456 -2.7103 0.15728 0 0 0
100.2 0.066349 -4.0937 0.56242 0 0 0
100.4 0.23021 -5.559 0.63532 0 0 0
100.6 0.32813 -6.8921 0.77586 0 0 0
100.8 0.37364 -7.4217 0.83958 0 0 0
101 0.54476 -6.5305 0.49622 0 0 0
101.2 0.6424 -5.3136 0.16832 0 0 0
101.4 0.82497 -4.1223 -0.22918 0 0 0
101.6 0.65335 -2.9715 -0.26661 0 0 0
101.8 0.53136 -1.8313 -0.36093 0 0 0
102 0.6034 -0.48488 -0.65359 0 0 0
102.2 0.56554 0.055302 -0.69504 0 0 0
102.4 0.5445 0.54454 -0.76576 0 0 0
102.6 0.52678 0.73288 -0.78137 0 0 0
102.8 0.1589 0.93102 -0.51832 0 0 0
103 0.30619 0.97791 -0.61838 0 0 0
103.2 0.32757 0.12934 -0.48708 0 0 0
103.4 0.27935 -0.93587 -0.24793 0 0 0
103.6 0.15589 -2.3231 0.085726 0 0 0
103.8 -0.015259 -4.0154 0.51557 0 0 0
104 0.050573 -5.6367 0.75772 0 0 0
104.2 0.20891 -7.0406 0.9066 0 0 0
104.4 0.076601 -8.9333 1.3472 0 0 0
104.6 0.039518 -12.328 1.9568 0 0 0
104.8 0.46944 -12.698 1.816 0 0 0
105 0.78933 -12.117 1.5497 0 0 0
105.2 0.82191 -10.171 1.1898 0 0 0
105.4 0.82161 -8.7961 0.95244 0 0 0
105.6 0.76156 -7.3957 0.73348 0 0 0
105.8 0.70761 -6.5093 0.60889 0 0 0
106 0.5364 -5.6334 0.5166 0 0 0
106.2 0.67423 -4.6512 0.32272 0 0 0
106.4 0.67759 -4.0013 0.21381 0 0 0
106.6 0.53186 -3.5533 0.20815 0 0 0
106.8 0.47182 -2.8782 0.094829 0 0 0
107 0.34927 -2.0572 -0.006404 0 0 0
107.2 0.41182 -0.98385 -0.20569 0 0 0
107.4 0.22412 -0.47779 -0.2312 0 0 0
107.6 0.17201 -0.11968 -0.27468 0 0 0
107.8 0.059219 0.16722 -0.30016 0 0 0
108 -0.19326 0.56271 -0.33223 0 0 0
108.2 -0.1663 0.57007 -0.33521 0 0 0
108.4 -0.094358 -0.24528 -0.20997 0 0 0
108.6 0.012715 -0.82302 -0.14211 0 0 0
108.8 -0.17014 -1.9601 0.068487 0 0 0
109 -0.20837 -3.111 0.24708 0 0 0
109.2 -0.3038 -4.3162 0.45168 0 0 0
109.4 -0.1916 -5.1693 0.56635 0 0 0
109.6 -0.23235 -6.5275 0.80058 0 0 0
109.8 -0.20562 -7.7806 0.99105 0 0 0
110 0.006133 -8.224 1.0639 0 0 0
110.2 0.15637 -7.5464 0.94499 0 0 0
110.4 0.30116 -5.7625 0.68409 0 0 0
110.6 0.32223 -4.1206 0.41671 0 0 0
110.8 0.13319 -2.7117 0.1682 0 0 0
111 0.023883 -1.7999 -0.001661 0 0 0
111.2 -0.087433 -1.0622 -0.13972 0 0 0
111.4 -0.20356 -0.51379 -0.25277 0 0 0
111.6 -0.093098 -0.11936 -0.29681 0 0 0
111.8 -0.1169 0.29085 -0.38637 0 0 0
112 -0.09954 0.30089 -0.38589 0 0 0
112.2 -0.24473 0.46616 -0.44822 0 0 0
112.4 -0.36136 0.72406 -0.54502 0 0 0
112.6 -0.22032 0.39568 -0.45506 0 0 0
112.8 -0.066719 -0.77118 -0.22172 0 0 0
113 -0.11506 -1.8178 -0.091919 0 0 0
113.2 -0.19548 -3.3282 0.095548 0 0 0
113.4 -0.32366 -4.7721 0.25553 0 0 0
113.6 -0.29952 -5.9337 0.42685 0 0 0
113.8 -0.075089 -6.8895 0.66335 0 0 0
114 -0.059244 -7.7116 0.79569 0 0 0
114.2 -0.098842 -7.4177 0.72808 0 0 0
114.4 0.040351 -5.9761 0.58138 0 0 0
114.6 0.05447 -4.1228 0.31603 0 0 0
114.8 0.036222 -2.0434 -0.011349 0 0 0
115 0.015577 -1.0588 -0.16899 0 0 0
115.2 -0.10783 -0.40756 -0.36011 0 0 0
115.4 -0.21177 -0.16101 -0.49132 0 0 0
115.6 -0.26349 0.32022 -0.62242 0 0 0
115.8 -0.22968 0.78195 -0.67612 0 0 0
116 -0.10082 0.91807 -0.58601 0 0 0
116.2 -0.22424 1.0154 -0.7331 0 0 0
116.4 -0.17851 0.94501 -0.68812 0 0 0
116.6 -0.14352 0.14895 -0.55062 0 0 0
116.8 -0.084311 -0.49085 -0.41035 0 0 0
117 -0.039506 -1.581 -0.21989 0 0 0
117.2 0.036638 -2.936 0.053629 0 0 0
117.4 -0.028847 -4.6855 0.17803 0 0 0
117.6 -0.090378 -5.9105 0.24972 0 0 0
117.8 -0.062432 -6.2752 0.29176 0 0 0
118 0.10351 -5.2415 0.40486 0 0 0
118.2 0.086596 -3.9603 0.20626 0 0 0
118.4 -0.036327 -2.5083 -0.19442 0 0 0
118.6 -0.02488 -1.4676 -0.29384 0 0 0
118.8 -0.067098 -0.34847 -0.52273 0 0 0
119 -0.14088 0.62473 -0.80785 0 0 0
119.2 -0.053591 1.1314 -0.72647 0 0 0
119.4 -0.042756 1.394 -0.73412 0 0 0
119.6 -0.05731 1.5752 -0.80099 0 0 0
119.8 -0.11325 1.6888 -0.93883 0 0 0
120 -0.097622 1.8905 -0.94635 0 0 0
120.2 -0.038748 1.6893 -0.77061 0 0 0
120.4 0.056906 0.82319 -0.40438 0 0 0
120.6 0.028692 -0.070394 -0.44462 0 0 0
120.8 0.064814 -1.2332 -0.29452 0 0 0
121 0.12095 -2.646 0.099011 0 0 0
121.2 0.12217 -3.6344 0.066613 0 0 0
121.4 0.15431 -4.5535 0.28963 0 0 0
121.6 0.15381 -4.5928 0.23629 0 0 0
121.8 0.12278 -4.2527 0.13403 0 0 0
122 0.11878 -3.2791 -0.058796 0 0 0
122.2 0.13644 -2.1764 -0.013006 0 0 0
122.4 0.085365 -0.83631 -0.20171 0 0 0
122.6 0.073885 0.062346 -0.34222 0 0 0
122.8 0.044384 0.86328 -0.73726 0 0 0
123 0.021991 1.2138 -0.77626 0 0 0
123.2 0.022068 1.5624 -0.83983 0 0 0
123.4 0.020122 1.7828 -0.85492 0 0 0
123.6 0.052636 1.4647 -0.59867 0 0 0
123.8 0.060257 0.82728 -0.46018 0 0 0
124 0.076617 -0.10531 -0.27653 0 0 0
124.2 0.25511 -5.8364 0.6317 0 0 0
124.4 0.21971 -4.1672 0.13209 0 0 0
124.6 0.19311 -2.751 -0.085579 0 0 0
124.8 0.13976 -1.4246 -0.14101 0 0 0
125 0.082154 -0.5119 -0.030615 0 0 0
125.2 0.081157 0.40817 -0.3472 0 0 0
125.4 0.040992 0.86247 -0.30922 0 0 0
125.6 0.04819 1.1727 -0.42707 0 0 0
125.8 0.047175 1.3416 -0.48706 0 0 0
126 -0.004168 1.5356 -0.3148 0 0 0
126.2 -0.023029 1.4414 -0.24368 0 0 0
126.4 -0.063424 1.2846 -0.063784 0 0 0
126.6 -0.074666 0.42747 0.12221 0 0 0
126.8 -0.050996 -0.28019 0.21735 0 0 0
127 -0.031203 -1.4006 0.39664 0 0 0
127.2 0.049967 -2.6117 0.44775 0 0 0
127.4 0.014017 -3.746 0.77633 0 0 0
127.6 0.11523 -4.6259 0.69411 0 0 0
127.8 0.11806 -5.2795 0.83842 0 0 0
128 0.22712 -5.0814 0.52802 0 0 0
128.2 0.18943 -4.3946 0.46268 0 0 0
128.4 0.13517 -3.4763 0.37615 0 0 0
128.6 0.1555 -1.91 -0.002983 0 0 0
128.8 0.095681 -0.95776 -0.093734 0 0 0
129 0.1181 -0.14881 -0.30701 0 0 0
129.2 0.05283 0.36808 -0.30555 0 0 0
129.4 0.064406 1.0169 -0.45983 0 0 0
129.6 -0.035101 1.3156 -0.35699 0 0 0
129.8 0.05681 1.7555 -0.60354 0 0 0
130 -0.061445 1.7112 -0.40619 0 0 0
130.2 -0.048374 1.0787 -0.30564 0 0 0
130.4 -0.028312 0.33785 -0.19083 0 0 0
130.6 -0.14637 -0.51044 0.13903 0 0 0
130.8 -0.15552 -1.2473 0.27601 0 0 0
131 -0.050828 -2.2099 0.3287 0 0 0
131.2 -0.056575 -3.3659 0.55724 0 0 0
131.4 0.033775 -4.7694 0.70629 0 0 0
131.6 0.078797 -6.1294 0.8985 0 0 0
131.8 0.060628 -7.2464 1.1479 0 0 0
132 0.24857 -7.0523 0.90928 0 0 0
132.2 0.44408 -6.1854 0.54101 0 0 0
132.4 0.55 -5.0813 0.24382 0 0 0
132.6 0.47022 -3.9498 0.09681 0 0 0
132.8 0.29393 -2.4705 -0.008555 0 0 0
133 0.29039 -0.84701 -0.30308 0 0 0
133.2 0.18292 0.014202 -0.36483 0 0 0
133.4 0.16449 0.53149 -0.4533 0 0 0
133.6 0.050034 0.82252 -0.4082 0 0 0
133.8 -0.072359 1.2851 -0.39979 0 0 0
134 -0.061468 1.8732 -0.53298 0 0 0
134.2 0.041985 1.3735 -0.48806 0 0 0
134.4 -0.038273 0.66727 -0.31603 0 0 0
134.6 -0.070499 -0.41476 -0.10338 0 0 0
134.8 -0.26832 -1.6128 0.22704 0 0 0
135 -0.04726 -0.86808 0.30515 0 0 0
135.2 -0.03788 -2.1343 0.55799 0 0 0
135.4 0.002045 -3.3273 0.72046 0 0 0
135.6 0.084652 -4.1954 0.6826 0 0 0
135.8 0.12109 -5.1476 0.80279 0 0 0
136 0.15994 -5.2302 0.71256 0 0 0
136.2 0.17483 -4.6551 0.55319 0 0 0
136.4 0.14372 -3.7706 0.43367 0 0 0
136.6 0.13473 -2.5756 0.17897 0 0 0
136.8 0.14991 -1.2349 -0.13466 0 0 0
137 0.0941 -0.52656 -0.19129 0 0 0
137.2 0.10806 0.26479 -0.37242 0 0 0
137.4 0.01866 0.70789 -0.31397 0 0 0
137.6 0.041586 1.2681 -0.47423 0 0 0
137.8 0.052239 1.7535 -0.59569 0 0 0
138 0.030784 1.7586 -0.55671 0 0 0
138.2 -0.038253 1.4379 -0.39186 0 0 0
138.4 0.032659 0.52007 -0.31125 0 0 0
138.6 -0.14285 -0.18858 0.077698 0 0 0
138.8 -0.13739 -1.0169 0.21368 0 0 0
139 -0.08291 -1.7463 0.28119 0 0 0
139.2 -0.047905 -2.9042 0.45465 0 0 0
139.4 -0.023004 -4.219 0.67596 0 0 0
139.6 0.042226 -5.7186 0.88757 0 0 0
139.8 0.053788 -6.9484 1.0947 0 0 0
140 0.18735 -7.1994 1.0042 0 0 0
140.2 0.34786 -6.5177 0.69501 0 0 0
140.4 0.58964 -5.4626 0.26504 0 0 0
140.6 0.44148 -4.4283 0.20853 0 0 0
140.8 0.40939 -2.9927 -0.022956 0 0 0
141 0.2532 -1.3472 -0.18736 0 0 0
141.2 0.17288 -0.2624 -0.30517 0 0 0
141.4 0.21977 0.3803 -0.48106 0 0 0
141.6 0.16823 0.73015 -0.48357 0 0 0
141.8 -0.032596 1.1237 -0.38969 0 0 0
142 -0.054022 1.5922 -0.47027 0 0 0
142.2 0.032704 1.6263 -0.53261 0 0 0
142.4 -0.10834 0.97885 -0.32321 0 0 0
142.6 0.01866 0.034598 -0.23039 0 0 0
142.8 -0.16467 -1.0936 0.080501 0 0 0
143 -0.19941 -2.4626 0.33666 0 0 0
143.2 -0.18937 -3.3495 0.4865 0 0 0
143.4 -0.13324 -4.733 0.69194 0 0 0
143.6 -0.049171 -6.1976 0.90252 0 0 0
143.8 0.039861 -7.1574 1.0246 0 0 0
144 0.18003 -7.1288 0.93079 0 0 0
144.2 0.35025 -5.6694 0.5857 0 0 0
144.4 0.65281 -4.323 0.23157 0 0 0
144.6 0.60837 -3.2071 0.055137 0 0 0
144.8 0.4457 -2.0392 -0.078116 0 0 0
145 0.269 -1.0927 -0.15361 0 0 0
145.2 0.061085 -0.19679 -0.23445 0 0 0
145.4 0.15845 0.82458 -0.46714 0 0 0
145.6 0.25337 1.0959 -0.52626 0 0 0
145.8 0.26352 1.3361 -0.57303 0 0 0
146 -0.11384 1.4717 -0.48871 0 0 0
146.2 -0.20543 1.1852 -0.40076 0 0 0
146.4 -0.27253 0.58697 -0.30141 0 0 0
146.6 -0.078403 -0.20538 -0.21626 0 0 0
146.8 -0.034955 -1.2162 -0.051242 0 0 0
147 -0.1335 -2.609 0.19702 0 0 0
147.2 -0.1752 -3.9461 0.42738 0 0 0
147.4 -0.35755 -5.0597 0.62604 0 0 0
147.6 -0.046473 -5.1804 0.60858 0 0 0
147.8 0.41537 -4.531 0.45402 0 0 0
148 0.43027 -3.6313 0.30749 0 0 0
148.2 0.35061 -2.9246 0.20011 0 0 0
148.4 0.28109 -1.6908 -0.004584 0 0 0
148.6 0.022753 -0.46589 -0.20187 0 0 0
148.8 0.29477 0.40024 -0.34499 0 0 0
149 0.28501 0.87101 -0.40409 0 0 0
149.2 0.16148 1.1713 -0.46462 0 0 0
149.4 0.043612 1.3697 -0.51362 0 0 0
149.6 -0.023705 1.6533 -0.57085 0 0 0
149.8 -0.049645 1.9258 -0.60553 0 0 0
150 0.28914 1.2587 -0.4474 0 0 0
150.2 0.30441 0.64245 -0.34138 0 0 0
150.4 0.20471 -0.2711 -0.21612 0 0 0
150.6 0.1245 -1.3267 -0.064019 0 0 0
150.8 0.062571 -2.5588 0.11512 0 0 0
151 0.081142 -3.4386 0.2626 0 0 0
151.2 0.18747 -4.781 0.50055 0 0 0
151.4 0.16336 -6.0681 0.68928 0 0 0
151.6 0.21159 -6.8466 0.82594 0 0 0
151.8 0.35931 -6.7879 0.89051 0 0 0
152 0.57449 -5.5183 0.80092 0 0 0
152.2 0.76504 -4.5758 0.75466 0 0 0
152.4 0.64008 -3.5908 0.555 0 0 0
152.6 0.46559 -2.7599 0.35788 0 0 0
152.8 0.43432 -1.6069 0.1747 0 0 0
153 0.34039 -0.33827 -0.063343 0 0 0
153.2 0.53178 0.45553 -0.039726 0 0 0
153.4 0.39795 0.92168 -0.18976 0 0 0
153.6 0.35675 1.1856 -0.24958 0 0 0
153.8 0.22939 1.3294 -0.35538 0 0 0
154 0.25212 0.69819 -0.24692 0 0 0
154.2 0.43347 -0.12919 0.0367 0 0 0
154.4 0.4319 -1.2535 0.20878 0 0 0
154.6 0.32626 -2.8101 0.34673 0 0 0
154.8 0.34147 -4.4818 0.60933 0 0 0
155 0.31327 -6.0302 0.79128 0 0 0
155.2 0.42262 -6.9148 1.0555 0 0 0
155.4 0.50054 -7.8827 1.2902 0 0 0
155.6 0.42299 -7.8764 1.1977 0 0 0
155.8 0.4437 -6.671 1.0817 0 0 0
156 0.43092 -5.0361 0.86393 0 0 0
156.2 0.3205 -3.3248 0.48233 0 0 0
156.4 0.44635 -2.005 0.55221 0 0 0
156.6 0.35341 -1.2246 0.33266 0 0 0
156.8 0.29165 -0.69716 0.18003 0 0 0
157 0.28093 -0.14087 0.11254 0 0 0
157.2 0.182 0.49478 -0.14993 0 0 0
157.4 0.22577 0.92117 -0.047268 0 0 0
157.6 0.24504 1.1431 -0.020042 0 0 0
157.8 0.19694 0.79646 -0.078574 0 0 0
158 0.2045 0.12725 0.025498 0 0 0
158.2 0.26474 -0.54777 0.28447 0 0 0
158.4 0.2146 -1.3678 0.26571 0 0 0
158.6 0.25242 -2.296 0.48797 0 0 0
158.8 0.27873 -3.7002 0.72216 0 0 0
159 0.28098 -5.4546 0.87837 0 0 0
159.2 0.29864 -7.1717 1.102 0 0 0
159.4 0.35014 -8.493 1.3717 0 0 0
159.6 0.36294 -8.8325 1.497 0 0 0
159.8 0.34087 -8.3838 1.3545 0 0 0
160 0.25982 -6.9187 0.74495 0 0 0
160.2 0.23298 -5.6253 0.60369 0 0 0
160.4 0.20733 -4.0423 0.57378 0 0 0
160.6 0.15923 -2.1958 0.37393 0 0 0
160.8 0.10921 -1.1056 0.2113 0 0 0
161 0.090583 -0.34563 -0.042799 0 0 0
161.2 0.087696 0.015707 -0.17286 0 0 0
161.4 0.042271 0.53689 -0.035737 0 0 0
161.6 0.049226 1.109 -0.27542 0 0 0
161.8 0.030854 1.2389 -0.17194 0 0 0
162 0.041695 1.3405 -0.45052 0 0 0
162.2 0.039786 1.2112 -0.36626 0 0 0
162.4 -0.017626 0.69128 0.079883 0 0 0
162.6 -0.000632 0.10674 0.12886 0 0 0
162.8 0.031748 -0.50109 0.028611 0 0 0
163 0.019699 -1.3819 0.32439 0 0 0
163.2 0.060352 -2.4518 0.47363 0 0 0
163.4 0.11339 -3.7813 0.56126 0 0 0
163.6 0.12228 -5.2834 0.90648 0 0 0
163.8 0.1269 -6.3541 1.1582 0 0 0
164 0.21537 -7.1913 1.0557 0 0 0
164.2 0.24244 -7.143 0.97224 0 0 0
164.4 0.36342 -6.0524 0.40666 0 0 0
164.6 0.29221 -4.8689 0.33471 0 0 0
164.8 0.25659 -3.3759 0.081667 0 0 0
165 0.30767 -1.8622 -0.36258 0 0 0
165.2 0.26285 -0.8381 -0.46501 0 0 0
165.4 0.22585 -0.32625 -0.49616 0 0 0
165.6 0.25594 0.2381 -0.65685 0 0 0
165.8 0.13575 0.66497 -0.51609 0 0 0
166 0.20369 1.0885 -0.70526 0 0 0
166.2 0.1514 1.2036 -0.63482 0 0 0
166.4 0.21481 1.4096 -0.77187 0 0 0
166.6 0.18345 0.94776 -0.62031 0 0 0
166.8 0.18447 0.2289 -0.46994 0 0 0
167 0.022734 -0.68394 -0.054914 0 0 0
167.2 0.062841 -1.527 0.059065 0 0 0
167.4 0.16288 -2.6017 0.13925 0 0 0
167.6 0.035679 -3.9309 0.56821 0 0 0
167.8 0.21543 -5.3958 0.62151 0 0 0
168 0.3094 -6.7822 0.77849 0 0 0
168.2 0.36788 -7.4517 0.85017 0 0 0
168.4 0.54398 -6.6366 0.51296 0 0 0
168.6 0.67687 -5.4562 0.15497 0 0 0
168.8 0.79341 -4.2107 -0.1841 0 0 0
169 0.67175 -3.132 -0.25345 0 0 0
169.2 0.54249 -1.9544 -0.34843 0 0 0
169.4 0.59218 -0.56959 -0.62853 0 0 0
169.6 0.5689 0.001901 -0.68923 0 0 0
169.8 0.51311 0.54564 -0.74454 0 0 0
170 0.53426 0.69741 -0.77863 0 0 0
170.2 0.16051 0.91389 -0.51526 0 0 0
170.4 0.29706 1.0093 -0.61697 0 0 0
170.6 0.33801 0.23485 -0.51683 0 0 0
170.8 0.29991 -0.80723 -0.28298 0 0 0
171 0.14953 -2.1926 0.068542 0 0 0
171.2 0.010464 -3.8474 0.46967 0 0 0
171.4 0.055641 -5.5138 0.73213 0 0 0
171.6 0.15724 -6.8983 0.91248 0 0 0
171.8 0.12732 -8.6543 1.2667 0 0 0
172 0.002503 -12.12 1.9461 0 0 0
172.2 0.44824 -12.769 1.8341 0 0 0
172.4 0.76431 -12.269 1.5895 0 0 0
172.6 0.80113 -10.345 1.2313 0 0 0
172.8 0.83349 -8.9733 0.97926 0 0 0
173 0.73975 -7.488 0.75896 0 0 0
173.2 0.7326 -6.5254 0.59716 0 0 0
173.4 0.5546 -5.7815 0.53784 0 0 0
173.6 0.64514 -4.7198 0.34116 0 0 0
173.8 0.68943 -4.0746 0.22464 0 0 0
174 0.56414 -3.5995 0.20377 0 0 0
174.2 0.49809 -2.9519 0.097441 0 0 0
174.4 0.32515 -2.1879 0.02328 0 0 0
174.6 0.39095 -1.0726 -0.18418 0 0 0
174.8 0.25228 -0.5399 -0.22399 0 0 0
175 0.20377 -0.14192 -0.27943 0 0 0
175.2 0.078828 0.082576 -0.28831 0 0 0
175.4 -0.166 0.54507 -0.32982 0 0 0
175.6 -0.17751 0.62888 -0.34574 0 0 0
175.8 -0.10674 -0.14393 -0.22489 0 0 0
176 0.030211 -0.73637 -0.15708 0 0 0
176.2 -0.16245 -1.8571 0.051546 0 0 0
176.4 -0.20024 -2.9738 0.22333 0 0 0
176.6 -0.2939 -4.2366 0.43893 0 0 0
176.8 -0.21408 -5.0499 0.54954 0 0 0
177 -0.2325 -6.3955 0.77869 0 0 0
177.2 -0.22104 -7.6765 0.9743 0 0 0
177.4 -0.007988 -8.2502 1.0684 0 0 0
177.6 0.18538 -7.6019 0.94708 0 0 0
177.8 0.26281 -5.9746 0.71548 0 0 0
178 0.36537 -4.242 0.44056 0 0 0
178.2 0.15254 -2.8379 0.19238 0 0 0
178.4 0.02435 -1.8623 0.009243 0 0 0
178.6 -0.092752 -1.1584 -0.12256 0 0 0
178.8 -0.2231 -0.59054 -0.24313 0 0 0
179 -0.087911 -0.11837 -0.29523 0 0 0
179.2 -0.10461 0.25051 -0.37573 0 0 0
179.4 -0.089029 0.30241 -0.38361 0 0 0
179.6 -0.22212 0.4147 -0.4316 0 0 0
179.8 -0.36462 0.72552 -0.54563 0 0 0
180 -0.25936 0.496 -0.48258 0 0 0
180.2 -0.074861 -0.65893 -0.24113 0 0 0
180.4 -0.11304 -1.6691 -0.1129 0 0 0
180.6 -0.16665 -3.1735 0.08486 0 0 0
180.8 -0.31003 -4.6499 0.24473 0 0 0
181 -0.31773 -5.8319 0.40369 0 0 0
181.2 -0.072461 -6.7277 0.64311 0 0 0
181.4 -0.03299 -7.6946 0.80961 0 0 0
181.6 -0.090595 -7.4861 0.74551 0 0 0
181.8 0.004176 -6.1416 0.58231 0 0 0
182 0.10423 -4.4013 0.39317 0 0 0
182.2 0.026572 -2.182 0.003819 0 0 0
182.4 0.019328 -1.1196 -0.15829 0 0 0
182.6 -0.098269 -0.44328 -0.34703 0 0 0
182.8 -0.20438 -0.21303 -0.47723 0 0 0
183 -0.2318 0.31742 -0.59442 0 0 0
183.2 -0.25346 0.74299 -0.69206 0 0 0
183.4 -0.11518 0.89912 -0.59286 0 0 0
183.6 -0.20689 0.99637 -0.71161 0 0 0
183.8 -0.18631 1.0071 -0.70395 0 0 0
184 -0.14822 0.22635 -0.56081 0 0 0
184.2 -0.10621 -0.44902 -0.4425 0 0 0
184.4 -0.049059 -1.4383 -0.2456 0 0 0
184.6 0.055395 -2.8102 0.061162 0 0 0
184.8 -0.025137 -4.5172 0.16371 0 0 0
185 -0.092812 -5.8052 0.2339 0 0 0
185.2 -0.066261 -6.3431 0.29417 0 0 0
185.4 0.11373 -5.3417 0.43409 0 0 0
185.6 0.081894 -4.0604 0.21461 0 0 0
185.8 -0.013479 -2.6208 -0.1452 0 0 0
186 -0.019596 -1.5981 -0.26866 0 0 0
186.2 -0.054779 -0.41854 -0.48843 0 0 0
186.4 -0.15669 0.56506 -0.83464 0 0 0
186.6 -0.056939 1.0714 -0.71985 0 0 0
186.8 -0.057193 1.3745 -0.7638 0 0 0
187 -0.061635 1.5688 -0.80013 0 0 0
187.2 -0.11234 1.6611 -0.93939 0 0 0
187.4 -0.10042 1.8205 -0.939 0 0 0
187.6 -0.030152 1.7917 -0.75767 0 0 0
187.8 0.063702 0.90539 -0.39704 0 0 0
188 0.02665 0.052571 -0.47182 0 0 0
188.2 0.061013 -1.1037 -0.31471 0 0 0
188.4 0.12495 -2.5086 0.10745 0 0 0
188.6 0.11987 -3.5725 0.059907 0 0 0
188.8 0.14718 -4.4511 0.26321 0 0 0
189 0.15009 -4.6328 0.2304 0 0 0
189.2 0.12626 -4.302 0.15455 0 0 0
189.4 0.11984 -3.3714 -0.053324 0 0 0
189.6 0.13839 -2.3288 0.001601 0 0 0
189.8 0.091363 -0.95808 -0.16679 0 0 0
190 0.066235 -0.018254 -0.394 0 0 0
190.2 0.043836 0.79102 -0.74139 0 0 0
190.4 0.022727 1.1653 -0.77918 0 0 0
190.6 0.020679 1.5567 -0.8547 0 0 0
190.8 0.021979 1.7621 -0.88993 0 0 0
191 0.051873 1.5665 -0.67778 0 0 0
191.2 0.058745 0.84769 -0.43778 0 0 0
191.4 0.07336 -0.003774 -0.26701 0 0 0
191.6 0.25988 -6.0628 0.66058 0 0 0
191.8 0.22794 -4.3089 0.12624 0 0 0
192 0.19416 -2.8927 -0.037187 0 0 0
192.2 0.14156 -1.5378 -0.13052 0 0 0
192.4 0.088855 -0.60858 -0.032146 0 0 0
192.6 0.082936 0.31447 -0.33606 0 0 0
192.8 0.048376 0.82322 -0.33005 0 0 0
193 0.037685 1.1325 -0.37436 0 0 0
193.2 0.047882 1.3416 -0.49267 0 0 0
193.4 -0.001946 1.5256 -0.32279 0 0 0
193.6 -0.022224 1.47 -0.24725 0 0 0
193.8 -0.069079 1.3206 -0.049301 0 0 0
194 -0.087308 0.5073 0.14501 0 0 0
194.2 -0.025498 -0.1401 0.10867 0 0 0
194.4 -0.03377 -1.2628 0.36794 0 0 0
194.6 0.03814 -2.4924 0.45041 0 0 0
194.8 0.007231 -3.6658 0.77775 0 0 0
195 0.11503 -4.5087 0.66927 0 0 0
195.2 0.12068 -5.2605 0.82961 0 0 0
195.4 0.20917 -5.1222 0.57652 0 0 0
195.6 0.18707 -4.4683 0.48395 0 0 0
195.8 0.13717 -3.5761 0.3958 0 0 0
196 0.14826 -2.0589 0.042457 0 0 0
196.2 0.11058 -1.0179 -0.10742 0 0 0
196.4 0.11344 -0.24831 -0.28087 0 0 0
196.6 0.067643 0.34495 -0.3245 0 0 0
196.8 0.054398 0.94405 -0.42701 0 0 0
197 -0.039105 1.2496 -0.33652 0 0 0
197.2 0.049869 1.7549 -0.59304 0 0 0
197.4 -0.034282 1.7305 -0.45026 0 0 0
197.6 -0.0401 1.1761 -0.33756 0 0 0
197.8 -0.009448 0.38757 -0.22711 0 0 0
198 -0.14807 -0.4239 0.12612 0 0 0
198.2 -0.15602 -1.1897 0.26643 0 0 0
198.4 -0.044455 -2.0941 0.30003 0 0 0
198.6 -0.051383 -3.2506 0.52755 0 0 0
198.8 0.019345 -4.6333 0.69917 0 0 0
199 0.073207 -6.0162 0.88764 0 0 0
199.2 0.054026 -7.2085 1.1469 0 0 0
199.4 0.25956 -7.107 0.90781 0 0 0
199.6 0.43832 -6.2454 0.55199 0 0 0
199.8 0.57213 -5.1604 0.23256 0 0 0
200 0.46301 -4.0763 0.12572 0 0 0
200.2 0.31877 -2.6293 -0.001573 0 0 0
200.4 0.29779 -0.95561 -0.29168 0 0 0
200.6 0.15683 -0.02619 -0.33633 0 0 0
200.8 0.17997 0.51127 -0.46852 0 0 0
201 0.086359 0.80215 -0.43299 0 0 0
201.2 -0.066134 1.2457 -0.39549 0 0 0
201.4 -0.065025 1.8511 -0.52597 0 0 0
201.6 0.069677 1.4454 -0.51941 0 0 0
201.8 -0.076073 0.7611 -0.30795 0 0 0
202 -0.043885 -0.30247 -0.13629 0 0 0
202.2 -0.24563 -1.4795 0.19185 0 0 0
