0 0.5154 4.4427 -0.71164 0 0 0
0.2 0.56105 3.8573 -0.1833 0 0 0
0.4 0.55902 3.0724 0.39798 0 0 0
0.6 0.53185 1.9946 1.0223 0 0 0
0.8 0.58961 0.88736 1.9172 0 0 0
1 0.63281 0.42699 2.4584 0 0 0
1.2 0.48385 0.38281 1.9691 0 0 0
1.4 0.081185 0.151 0.71177 0 0 0
1.6 -0.32542 -0.17476 -0.35083 0 0 0
1.8 -0.59756 -0.575 -0.91646 0 0 0
2 -0.73028 -1.1787 -0.97635 0 0 0
2.2 -0.55238 -0.4001 -0.91355 0 0 0
2.4 -0.36909 1.1796 -1.3175 0 0 0
2.6 -0.46672 1.235 -1.6545 0 0 0
2.8 -0.55943 0.40933 -1.4242 0 0 0
3 -0.15317 1.4158 -0.80315 0 0 0
3.2 0.418 3.1661 -0.13698 0 0 0
3.4 0.62445 3.2148 0.46208 0 0 0
3.6 0.65737 2.4526 1.0506 0 0 0
3.8 0.58619 1.369 1.5683 0 0 0
4 0.48144 -0.15499 2.2365 0 0 0
4.2 0.45202 -1.3341 2.9057 0 0 0
4.4 0.43367 -0.92533 2.6004 0 0 0
4.6 0.1031 -0.53911 1.3146 0 0 0
4.8 -0.38885 -1.0787 0.16685 0 0 0
5 -0.63638 -1.9201 -0.10623 0 0 0
5.2 -0.62384 -1.4379 -0.40674 0 0 0
5.4 -0.49684 0.36649 -1.0762 0 0 0
5.6 -0.46469 0.96962 -1.3464 0 0 0
5.8 -0.55402 0.82233 -1.5324 0 0 0
6 -0.60693 0.4443 -1.498 0 0 0
6.2 -0.45832 0.42252 -1.1119 0 0 0
6.4 0.049895 2.1109 -0.63336 0 0 0
6.6 0.58318 3.1826 0.28165 0 0 0
6.8 0.77613 1.9664 1.5581 0 0 0
7 0.88818 0.85184 2.5781 0 0 0 
7.2 0.91775 0.31634 3.0818 0 0 0
7.4 0.7777 -0.81159 3.4359 0 0 0
7.6 0.63999 -2.0777 3.839 0 0 0
7.8 0.45308 -2.8896 3.7453 0 0 0
8 0.21651 -2.3603 2.7024 0 0 0
8.2 -0.002011 -0.86502 1.1784 0 0 0
8.4 -0.34364 -1.1196 0.32547 0 0 0
8.6 -0.60314 -1.865 0.023971 0 0 0
8.8 -0.46624 -0.19398 -0.59279 0 0 0
9 -0.37967 1.117 -1.134 0 0 0
9.2 -0.51272 0.75556 -1.2927 0 0 0
9.4 -0.58385 -0.10923 -1.0389 0 0 0
9.6 -0.47972 0.194 -0.96938 0 0 0
9.8 -0.29475 1.9274 -1.4666 0 0 0
10 -0.28475 2.4512 -1.7678 0 0 0
10.2 -0.43338 1.444 -1.6099 0 0 0
10.4 -0.41909 1.0257 -1.3588 0 0 0
10.6 -0.2042 2.528 -1.6574 0 0 0
10.8 -0.15961 3.4058 -2.0249 0 0 0
11 -0.32312 2.2314 -1.8099 0 0 0
11.2 -0.34045 1.6282 -1.5455 0 0 0
11.4 -0.16277 2.9958 -1.8568 0 0 0
11.6 -0.13091 3.7491 -2.1857 0 0 0
11.8 -0.15631 3.1277 -1.8824 0 0 0
12 0.089892 2.9381 -1.0991 0 0 0
12.2 0.45684 3.7651 -0.54046 0 0 0
12.4 0.68753 4.1883 -0.1226 0 0 0
12.6 0.82098 3.5689 0.61726 0 0 0
12.8 0.83263 2.6592 1.2287 0 0 0
13 0.75301 1.1511 1.9491 0 0 0
13.2 0.77419 0.10196 2.6474 0 0 0
13.4 0.58002 0.56387 1.8265 0 0 0
13.6 0.041726 0.86242 0.1557 0 0 0
13.8 -0.38518 -0.16439 -0.39314 0 0 0
14 -0.46001 -0.62969 -0.35742 0 0 0
14.2 -0.34693 0.85721 -0.94989 0 0 0
14.4 -0.30254 1.9709 -1.4824 0 0 0
14.6 -0.39589 1.2404 -1.316 0 0 0
14.8 -0.43193 0.68739 -1.0971 0 0 0
15 -0.048675 2.3528 -1.0476 0 0 0
15.2 0.45009 3.9126 -0.61192 0 0 0
15.4 0.65554 3.5558 0.16053 0 0 0
15.6 0.71603 2.8975 0.73017 0 0 0
15.8 0.72724 2.3176 1.1322 0 0 0
16 0.74826 1.6437 1.607 0 0 0
16.2 0.74698 0.66213 2.1714 0 0 0
16.4 0.51714 0.45023 1.6768 0 0 0
16.6 0.14143 1.2888 0.16929 0 0 0
16.8 -0.1717 1.5024 -0.81436 0 0 0
17 -0.32308 1.3199 -1.1133 0 0 0
17.2 -0.36945 1.4143 -1.2942 0 0 0
17.4 -0.39356 0.91587 -1.1021 0 0 0
17.6 -0.27545 1.0044 -0.88027 0 0 0
17.8 -0.12596 2.6755 -1.4454 0 0 0
18 0.11323 3.8655 -1.478 0 0 0
18.2 0.49372 3.7665 -0.41294 0 0 0
18.4 0.73643 3.0219 0.66898 0 0 0
18.6 0.8663 1.7641 1.7506 0 0 0
18.8 0.95131 0.80007 2.5648 0 0 0
19 0.97531 0.067212 3.1306 0 0 0
19.2 0.95575 -1.3957 3.9717 0 0 0
19.4 0.74246 -2.1478 3.8729 0 0 0
19.6 0.25319 -1.906 2.4699 0 0 0
19.8 -0.28303 -1.9431 1.0984 0 0 0
20 -0.5898 -2.6039 0.65106 0 0 0
20.2 -0.57648 -2.3648 0.49824 0 0 0
20.4 -0.46163 -0.14825 -0.47395 0 0 0
20.6 -0.44242 1.1274 -1.167 0 0 0
20.8 -0.53832 0.11606 -0.85758 0 0 0
21 -0.54705 -0.57143 -0.49752 0 0 0
21.2 -0.39798 1.1175 -1.0817 0 0 0
21.4 -0.29975 2.5496 -1.6413 0 0 0
21.6 -0.2278 1.7433 -1.028 0 0 0
21.8 0.074224 1.8069 -0.33281 0 0 0
22 0.45752 3.1581 -0.1385 0 0 0
22.2 0.69938 3.2015 0.43674 0 0 0
22.4 0.88176 1.8792 1.5859 0 0 0
22.6 0.97655 1.056 2.2723 0 0 0
22.8 0.95119 0.77311 2.4139 0 0 0
23 0.53885 0.09369 1.8281 0 0 0
23.2 -0.066949 -1.0536 1.0086 0 0 0
23.4 -0.3124 -0.81363 0.32258 0 0 0
23.6 -0.26798 0.99496 -0.51985 0 0 0
23.8 -0.14778 1.5423 -0.56745 0 0 0
24 -0.11127 0.458 0.062948 0 0 0
24.2 -0.056147 -0.12659 0.46481 0 0 0
24.4 0.10419 1.6824 -0.12187 0 0 0
24.6 0.4066 3.3361 -0.35314 0 0 0
24.8 0.74168 2.692 0.60143 0 0 0
25 0.81396 1.9168 1.0831 0 0 0
25.2 0.48424 2.5422 0.16997 0 0 0
25.4 0.22908 3.6832 -1.0103 0 0 0
25.6 0.26476 3.9424 -1.5217 0 0 0
25.8 0.44607 4.6216 -1.7137 0 0 0
26 0.91351 6.6891 -1.6477 0 0 0
26.2 1.2602 7.711 -1.2215 0 0 0
26.4 1.3942 7.3532 -0.48127 0 0 0
26.6 1.4473 6.5621 0.32007 0 0 0
26.8 1.4687 5.3917 1.308 0 0 0
27 1.5297 4.8227 1.9997 0 0 0
27.2 1.5523 4.5511 2.3127 0 0 0
27.4 1.3883 3.8596 2.2611 0 0 0
27.6 0.90731 2.7745 1.388 0 0 0
27.8 0.50946 2.2374 0.37568 0 0 0
28 0.51324 3.5211 -0.61024 0 0 0
28.2 0.5541 4.7997 -1.4536 0 0 0
28.4 0.51255 4.9046 -1.6959 0 0 0
28.6 0.42804 4.345 -1.5892 0 0 0
28.8 0.50588 4.7205 -1.5964 0 0 0
29 0.79883 6.344 -1.7797 0 0 0
29.2 1.0406 7.0303 -1.4437 0 0 0
29.4 1.1849 6.3801 -0.42856 0 0 0
29.6 1.323 5.9735 0.4184 0 0 0
29.8 1.5197 6.1616 1.0039 0 0 0
30 1.5785 5.5795 1.6556 0 0 0
30.2 1.4234 3.9797 2.3581 0 0 0
30.4 1.2751 2.9844 2.6376 0 0 0
30.6 1.1198 3.5369 1.6532 0 0 0
30.8 0.77987 3.9283 0.06366 0 0 0
31 0.53659 3.9503 -0.90028 0 0 0
31.2 0.46351 4.1708 -1.3744 0 0 0
31.4 0.42586 4.397 -1.6981 0 0 0
31.6 0.40796 4.1868 -1.6122 0 0 0
31.8 0.50382 4.2878 -1.3373 0 0 0
32 0.75917 5.7084 -1.4885 0 0 0
32.2 0.79556 6.5453 -2.0458 0 0 0
32.4 0.5634 5.7311 -2.3522 0 0 0
32.6 0.59767 5.4794 -2.0264 0 0 0
32.8 1.0519 6.8849 -1.3296 0 0 0
33 1.394 7.5929 -0.54033 0 0 0
33.2 1.4409 6.7766 0.29689 0 0 0
33.4 1.3803 5.5907 1.0338 0 0 0
33.6 1.2169 4.106 1.6377 0 0 0
33.8 1.0318 2.3054 2.397 0 0 0
34 1.0064 1.3028 3.219 0 0 0
34.2 1.105 1.8085 3.3199 0 0 0
34.4 0.94801 2.2905 2.2441 0 0 0
34.6 0.65629 2.2727 0.9678 0 0 0
34.8 0.49154 2.464 0.043973 0 0 0
35 0.3701 2.6617 -0.7285 0 0 0
35.2 0.24011 2.2935 -1.1367 0 0 0
35.4 0.35826 3.0357 -1.2465 0 0 0
35.6 0.62008 4.9669 -1.6982 0 0 0
35.8 0.60872 5.4923 -2.3781 0 0 0
36 0.45303 4.6099 -2.5755 0 0 0
36.2 0.61501 5.0708 -2.0896 0 0 0
36.4 0.99819 6.4987 -1.3147 0 0 0
36.6 1.0924 6.3047 -0.8955 0 0 0
36.8 1.0023 4.9085 -0.39471 0 0 0
37 0.88791 3.5696 0.23977 0 0 0
37.2 0.83279 2.7765 0.69789 0 0 0
37.4 0.7998 1.9971 1.2654 0 0 0
37.6 0.63535 1.2252 1.98 0 0 0
37.8 0.39022 0.67651 2.1467 0 0 0
38 0.24997 1.4739 1.5204 0 0 0
38.2 0.35473 2.6579 0.86157 0 0 0
38.4 0.5455 2.8645 0.58686 0 0 0
38.6 0.68765 3.0674 0.53063 0 0 0
38.8 0.79799 3.3213 0.50504 0 0 0
39 0.85461 2.7582 0.89472 0 0 0
39.2 0.837 3.0455 0.69433 0 0 0
39.4 0.7798 4.9792 -0.55876 0 0 0
39.6 0.87953 5.7072 -0.80295 0 0 0
39.8 0.9655 5.2053 -0.34699 0 0 0
40 0.95201 4.5157 0.03243 0 0 0
40.2 0.97573 5.2515 -0.37129 0 0 0
40.4 1.2151 7.1169 -0.97468 0 0 0
40.6 1.5947 7.3632 -0.18802 0 0 0
40.8 1.7868 6.2999 1.027 0 0 0
41 1.8423 5.6285 1.6845 0 0 0
41.2 1.9084 5.0598 2.3073 0 0 0
41.4 1.9252 3.741 3.3118 0 0 0
41.6 1.6762 2.2809 3.7 0 0 0
41.8 0.97218 1.1078 2.5886 0 0 0
42 0.31601 1.2423 0.68495 0 0 0
42.2 0.14686 2.7249 -0.85718 0 0 0
42.4 0.13589 3.3834 -1.4104 0 0 0
42.6 0.12678 3.0916 -1.2575 0 0 0
42.8 0.1175 2.6325 -0.97262 0 0 0
43 0.18486 3.4704 -1.37 0 0 0
43.2 0.28868 4.9858 -2.1539 0 0 0
43.4 0.34077 5.1658 -2.1552 0 0 0
43.6 0.34431 4.3906 -1.6201 0 0 0
43.8 0.41453 4.8189 -1.7258 0 0 0
44 0.52491 6.2236 -2.398 0 0 0
44.2 0.52478 6.3577 -2.5139 0 0 0
44.4 0.66238 6.4591 -2.1731 0 0 0
44.6 1.0859 6.8043 -1.1198 0 0 0
44.8 1.4482 6.2188 0.41377 0 0 0
45 1.6316 5.6127 1.4268 0 0 0
45.2 1.7383 5.2743 2.0317 0 0 0
45.4 1.7506 4.2057 2.861 0 0 0
45.6 1.5526 2.8578 3.2432 0 0 0
45.8 1.0566 2.1095 2.2696 0 0 0
46 0.54466 1.9669 0.75883 0 0 0
46.2 0.18269 1.4993 -0.05857 0 0 0
46.4 0.12953 2.0637 -0.64815 0 0 0
46.6 0.29229 3.8935 -1.4775 0 0 0
46.8 0.32277 4.5412 -1.8729 0 0 0
47 0.29584 4.4009 -1.8691 0 0 0
47.2 0.28299 4.4922 -1.9682 0 0 0
47.4 0.21469 3.9649 -1.8158 0 0 0
47.6 0.31867 4.0899 -1.6095 0 0 0
47.8 0.62395 5.8742 -1.9557 0 0 0
48 0.68239 6.6258 -2.3075 0 0 0
48.2 0.51104 5.5855 -2.0945 0 0 0
48.4 0.49945 5.1262 -1.8153 0 0 0
48.6 0.63334 6.2299 -2.1956 0 0 0
48.8 0.73099 7.006 -2.4451 0 0 0
49 0.98422 6.5912 -1.3331 0 0 0
49.2 1.3831 6.5644 -0.011787 0 0 0
49.4 1.6819 6.8716 0.77743 0 0 0
49.6 1.7539 6.0375 1.6657 0 0 0
49.8 1.7325 4.5964 2.6695 0 0 0
50 1.7037 3.8597 3.1273 0 0 0
50.2 1.4574 3.496 2.6078 0 0 0
50.4 0.94159 2.6477 1.53 0 0 0
50.6 0.60338 2.6731 0.37775 0 0 0
50.8 0.63541 4.2552 -0.69621 0 0 0
51 0.60143 4.9667 -1.3497 0 0 0
51.2 0.43544 4.0531 -1.2509 0 0 0
51.4 0.4761 4.1906 -1.2338 0 0 0
51.6 0.66534 5.7603 -1.7634 0 0 0
51.8 0.69211 6.3393 -2.1063 0 0 0
52 0.55416 5.333 -1.8301 0 0 0
52.2 0.58155 5.1358 -1.6153 0 0 0
52.4 0.78775 6.6484 -2.0573 0 0 0
52.6 0.83289 7.3409 -2.4109 0 0 0
52.8 0.67763 6.3251 -2.1958 0 0 0
53 0.66649 6.0422 -2.0442 0 0 0
53.2 0.8614 7.3862 -2.3847 0 0 0
53.4 0.93964 8.0897 -2.653 0 0 0
53.6 0.87225 7.3763 -2.3532 0 0 0
53.8 1.0484 7.3199 -1.7095 0 0 0
54 1.4815 8.4565 -1.0913 0 0 0
54.2 1.7547 8.6727 -0.29666 0 0 0
54.4 1.8117 7.7782 0.60012 0 0 0
54.6 1.7655 6.6213 1.3384 0 0 0
54.8 1.6618 5.0941 2.1662 0 0 0
55 1.5136 3.6526 2.7818 0 0 0
55.2 1.3051 3.5168 2.1812 0 0 0
55.4 1.0039 4.1 0.67936 0 0 0
55.6 0.74072 4.3587 -0.44953 0 0 0
55.8 0.58764 4.5434 -1.141 0 0 0
56 0.44957 4.3811 -1.5321 0 0 0
56.2 0.38446 4.0758 -1.5491 0 0 0
56.4 0.57433 5.2617 -1.7731 0 0 0
56.6 0.72614 6.5968 -2.2471 0 0 0
56.8 0.66767 6.5406 -2.4265 0 0 0
57 0.5385 5.6792 -2.2537 0 0 0
57.2 0.60601 5.9439 -2.2334 0 0 0
57.4 0.82117 7.4455 -2.6171 0 0 0
57.6 0.77468 7.0704 -2.5048 0 0 0
57.8 0.73958 6.7879 -2.4223 0 0 0
58 0.82147 7.6658 -2.8013 0 0 0
58.2 0.77567 7.6841 -2.9916 0 0 0
58.4 0.69971 7.411 -3.0448 0 0 0
58.6 0.68873 7.3597 -3.0325 0 0 0
58.8 0.71836 7.3774 -2.9735 0 0 0
59 0.71403 7.2853 -2.9323 0 0 0
59.2 0.65381 6.8539 -2.8131 0 0 0
59.4 0.76973 7.3298 -2.7626 0 0 0
59.6 0.9853 8.5857 -2.971 0 0 0
59.8 1.0633 8.8455 -2.8937 0 0 0
60 1.0805 8.0784 -2.2039 0 0 0
60.2 1.2211 7.706 -1.3792 0 0 0
60.4 1.4128 8.0955 -0.95339 0 0 0
60.6 1.4744 7.882 -0.54251 0 0 0
60.8 1.3494 6.6396 -0.014212 0 0 0
61 1.238 5.6283 0.38827 0 0 0
61.2 1.2116 6.0503 -0.0612 0 0 0
61.4 1.0239 6.6314 -1.2555 0 0 0
61.6 0.85333 6.6558 -1.9333 0 0 0
61.8 0.71895 6.3118 -2.1829 0 0 0
62 0.62814 5.8638 -2.196 0 0 0
62.2 0.83118 6.8954 -2.2501 0 0 0
62.4 1.0013 8.1049 -2.5584 0 0 0
62.6 0.8804 7.4572 -2.5361 0 0 0
62.8 0.79499 6.8959 -2.4181 0 0 0
63 0.9812 8.0695 -2.593 0 0 0
63.2 1.142 8.9337 -2.6493 0 0 0
63.4 1.1758 8.5358 -2.2084 0 0 0
63.6 1.2264 7.7426 -1.3495 0 0 0
63.8 1.4045 7.6772 -0.52223 0 0 0
64 1.5598 7.8589 -0.009743 0 0 0
64.2 1.4884 7.0625 0.36175 0 0 0
64.4 1.2503 5.5616 0.60762 0 0 0
64.6 1.1401 5.2528 0.40746 0 0 0
64.8 1.1717 6.5688 -0.52355 0 0 0
65 1.0762 7.1163 -1.4081 0 0 0
65.2 0.94674 6.9583 -1.869 0 0 0
65.4 0.88917 6.9445 -2.0991 0 0 0
65.6 0.90204 6.9041 -2.0231 0 0 0
65.8 0.86319 6.7243 -2.1083 0 0 0
66 0.79564 6.2996 -2.1355 0 0 0
66.2 1.0324 6.9091 -1.497 0 0 0
66.4 1.3135 8.1122 -1.0506 0 0 0
66.6 1.3382 8.0304 -0.77519 0 0 0
66.8 1.282 7.2292 -0.35823 0 0 0
67 1.1813 6.3829 -0.067687 0 0 0
67.2 1.1136 5.5074 0.43867 0 0 0
67.4 0.99619 4.3701 0.87477 0 0 0
67.6 0.5582 3.925 -0.23887 0 0 0
67.8 0.55866 3.1594 0.33259 0 0 0
68 0.54025 2.1328 0.9605 0 0 0
68.2 0.58013 0.97581 1.8255 0 0 0
68.4 0.62005 0.41861 2.417 0 0 0
68.6 0.51754 0.40205 2.0774 0 0 0
68.8 0.13553 0.19636 0.8578 0 0 0
69 -0.29646 -0.15924 -0.26953 0 0 0
69.2 -0.56978 -0.47525 -0.89099 0 0 0
69.4 -0.73008 -1.1597 -0.98623 0 0 0
69.6 -0.58942 -0.60011 -0.90507 0 0 0
69.8 -0.36707 1.0895 -1.2618 0 0 0
70 -0.44377 1.3201 -1.6345 0 0 0
70.2 -0.58605 0.39663 -1.4976 0 0 0
70.4 -0.20922 1.2322 -0.86218 0 0 0
70.6 0.3872 3.082 -0.17681 0 0 0
70.8 0.61107 3.2669 0.38927 0 0 0
71 0.66069 2.5402 1.0011 0 0 0
71.2 0.59525 1.4882 1.5159 0 0 0
71.4 0.49056 0.003226 2.1668 0 0 0
71.6 0.45196 -1.2679 2.8634 0 0 0
71.8 0.44227 -1.0055 2.6723 0 0 0
72 0.14767 -0.54515 1.4566 0 0 0
72.2 -0.34202 -0.96097 0.2398 0 0 0
72.4 -0.62248 -1.8588 -0.095086 0 0 0
72.6 -0.6425 -1.615 -0.35409 0 0 0
72.8 -0.50702 0.20619 -1.0162 0 0 0
73 -0.45652 0.97493 -1.3272 0 0 0
73.2 -0.54934 0.82961 -1.5185 0 0 0
73.4 -0.59757 0.53255 -1.5154 0 0 0
73.6 -0.48973 0.35147 -1.1567 0 0 0
73.8 -0.024255 1.8806 -0.71145 0 0 0
74 0.55241 3.2 0.17951 0 0 0
74.2 0.76604 2.1112 1.4395 0 0 0
74.4 0.87278 0.90846 2.4952 0 0 0
74.6 0.92553 0.3977 3.0445 0 0 0
74.8 0.79899 -0.66087 3.4002 0 0 0
75 0.65422 -1.966 3.8144 0 0 0
75.2 0.47159 -2.8621 3.7862 0 0 0
75.4 0.23496 -2.4989 2.8413 0 0 0
75.6 0.028766 -0.96964 1.327 0 0 0
75.8 -0.29712 -0.97041 0.3713 0 0 0
76 -0.60057 -1.8882 0.047721 0 0 0
76.2 -0.49182 -0.4344 -0.52059 0 0 0
76.4 -0.37668 1.0676 -1.0949 0 0 0
76.6 -0.49975 0.83501 -1.303 0 0 0
76.8 -0.59069 -0.076605 -1.0701 0 0 0
77 -0.49302 0.080605 -0.93811 0 0 0
77.2 -0.29588 1.8176 -1.4074 0 0 0
77.4 -0.28148 2.4595 -1.7612 0 0 0
77.6 -0.42578 1.5485 -1.6458 0 0 0
77.8 -0.42757 0.99521 -1.3603 0 0 0
78 -0.22583 2.3486 -1.6126 0 0 0
78.2 -0.15668 3.3976 -2.0138 0 0 0
78.4 -0.3022 2.3891 -1.8416 0 0 0
78.6 -0.34396 1.6103 -1.5432 0 0 0
78.8 -0.18309 2.8384 -1.8209 0 0 0
79 -0.12798 3.7461 -2.177 0 0 0
79.2 -0.15577 3.2382 -1.9472 0 0 0
79.4 0.056226 2.915 -1.1782 0 0 0
79.6 0.4158 3.622 -0.57425 0 0 0
79.8 0.67119 4.2003 -0.17627 0 0 0
80 0.81372 3.6494 0.54969 0 0 0
80.2 0.83402 2.7619 1.1654 0 0 0
80.4 0.75362 1.3016 1.8576 0 0 0
80.6 0.77905 0.15313 2.6304 0 0 0
80.8 0.61879 0.49941 1.9736 0 0 0
81 0.093181 0.85991 0.29822 0 0 0
81.2 -0.35268 -0.036974 -0.37816 0 0 0
81.4 -0.46491 -0.6559 -0.35012 0 0 0
81.6 -0.36336 0.67256 -0.88345 0 0 0
81.8 -0.29828 1.9313 -1.4503 0 0 0
82 -0.38035 1.367 -1.3471 0 0 0
82.2 -0.444 0.64967 -1.1065 0 0 0
82.4 -0.10472 2.1259 -1.0674 0 0 0
82.6 0.41208 3.8627 -0.68261 0 0 0
82.8 0.6484 3.6253 0.095961 0 0 0
83 0.71125 2.957 0.67985 0 0 0
83.2 0.72401 2.3666 1.0942 0 0 0
83.4 0.7486 1.7604 1.537 0 0 0
83.6 0.75755 0.76113 2.1417 0 0 0
83.8 0.54753 0.36846 1.8071 0 0 0
84 0.18099 1.2178 0.31734 0 0 0
84.2 -0.15019 1.5191 -0.76547 0 0 0
84.4 -0.3151 1.3181 -1.0897 0 0 0
84.6 -0.36202 1.4114 -1.2737 0 0 0
84.8 -0.4004 0.95086 -1.1326 0 0 0
85 -0.29148 0.92742 -0.87484 0 0 0
85.2 -0.14316 2.5069 -1.3987 0 0 0
85.4 0.080905 3.8189 -1.5361 0 0 0
85.6 0.46091 3.8094 -0.52562 0 0 0
85.8 0.71879 3.1308 0.55782 0 0 0
86 0.85266 1.885 1.6436 0 0 0
86.2 0.94655 0.85963 2.5109 0 0 0
86.4 0.97798 0.18734 3.0624 0 0 0
86.6 0.95965 -1.2515 3.8951 0 0 0
86.8 0.7776 -2.147 3.9632 0 0 0
87 0.31279 -1.9199 2.6328 0 0 0
87.2 -0.24489 -1.9228 1.1861 0 0 0
87.4 -0.5721 -2.5553 0.6735 0 0 0
87.6 -0.57639 -2.4598 0.55333 0 0 0
87.8 -0.47431 -0.37111 -0.3772 0 0 0
88 -0.44295 1.0747 -1.1372 0 0 0
88.2 -0.52406 0.27085 -0.90839 0 0 0
88.4 -0.55296 -0.57578 -0.5073 0 0 0
88.6 -0.41896 0.88435 -1.0025 0 0 0
88.8 -0.30496 2.4864 -1.6182 0 0 0
89 -0.24362 1.8231 -1.1098 0 0 0
89.2 0.036925 1.7258 -0.37974 0 0 0
89.4 0.42192 3.0561 -0.16948 0 0 0
89.6 0.68105 3.3071 0.33544 0 0 0
89.8 0.86811 2.0006 1.486 0 0 0
90 0.97386 1.0908 2.2435 0 0 0
90.2 0.96713 0.82065 2.4216 0 0 0
90.4 0.59079 0.18414 1.9014 0 0 0
90.6 -0.021619 -0.98784 1.0818 0 0 0
90.8 -0.30222 -0.93402 0.40688 0 0 0
91 -0.27171 0.85672 -0.45416 0 0 0
91.2 -0.16124 1.572 -0.61207 0 0 0
91.4 -0.11128 0.61247 -0.014501 0 0 0
91.6 -0.063239 -0.14147 0.45997 0 0 0
91.8 0.079459 1.4195 -0.041748 0 0 0
92 0.37253 3.239 -0.37056 0 0 0
92.2 0.71646 2.8081 0.49978 0 0 0
92.4 0.82856 1.9569 1.0904 0 0 0
92.6 0.52217 2.4312 0.29575 0 0 0
92.8 0.22829 3.5604 -0.90827 0 0 0
93 0.25433 3.9216 -1.491 0 0 0
93.2 0.42366 4.5202 -1.7153 0 0 0
93.4 0.86488 6.4932 -1.6687 0 0 0
93.6 1.2337 7.6862 -1.2938 0 0 0
93.8 1.3832 7.3981 -0.55538 0 0 0
94 1.4497 6.6842 0.23459 0 0 0
94.2 1.4666 5.496 1.217 0 0 0
94.4 1.5206 4.8408 1.95 0 0 0
94.6 1.5587 4.6095 2.2888 0 0 0
94.8 1.4176 3.9329 2.307 0 0 0
95 0.96179 2.8892 1.496 0 0 0
95.2 0.53546 2.231 0.47465 0 0 0
95.4 0.49785 3.334 -0.52088 0 0 0
95.6 0.55034 4.7145 -1.3994 0 0 0
95.8 0.52395 4.9423 -1.6848 0 0 0
96 0.4286 4.37 -1.6058 0 0 0
96.2 0.48452 4.6027 -1.5817 0 0 0
96.4 0.77247 6.215 -1.775 0 0 0
96.6 1.0244 7.0502 -1.5162 0 0 0
96.8 1.1703 6.4516 -0.53893 0 0 0
97 1.303 5.9589 0.35433 0 0 0
97.2 1.5077 6.1655 0.95847 0 0 0
97.4 1.5848 5.706 1.581 0 0 0
97.6 1.4362 4.1257 2.287 0 0 0
97.8 1.2891 3.0069 2.6677 0 0 0
98 1.1509 3.4765 1.8153 0 0 0
98.2 0.811 3.9128 0.19491 0 0 0
98.4 0.54852 3.9313 -0.83767 0 0 0
98.6 0.46991 4.1523 -1.3351 0 0 0
98.8 0.42647 4.378 -1.681 0 0 0
99 0.41417 4.2363 -1.6236 0 0 0
99.2 0.48678 4.2366 -1.3624 0 0 0
99.4 0.73179 5.5328 -1.4552 0 0 0
99.6 0.80582 6.5253 -1.9834 0 0 0
99.8 0.58496 5.8404 -2.3493 0 0 0
100 0.56997 5.4162 -2.0871 0 0 0
100.2 1.0036 6.732 -1.4037 0 0 0
100.4 1.3781 7.6179 -0.62197 0 0 0
100.6 1.4396 6.8756 0.21316 0 0 0
100.8 1.3917 5.7205 0.96944 0 0 0
101 1.2366 4.2804 1.5719 0 0 0
101.2 1.0433 2.4632 2.3078 0 0 0
101.4 0.99796 1.3333 3.144 0 0 0
101.6 1.1106 1.7529 3.385 0 0 0
101.8 0.9736 2.2583 2.3845 0 0 0
102 0.67448 2.2571 1.0646 0 0 0
102.2 0.50484 2.4434 0.12393 0 0 0
102.4 0.38865 2.6842 -0.65244 0 0 0
102.6 0.24428 2.2821 -1.1029 0 0 0
102.8 0.33235 2.8651 -1.2229 0 0 0
103 0.60463 4.8403 -1.6482 0 0 0
103.2 0.62006 5.5314 -2.3341 0 0 0
103.4 0.45741 4.6369 -2.566 0 0 0
103.6 0.58623 4.9534 -2.1473 0 0 0
103.8 0.96631 6.4221 -1.4024 0 0 0
104 1.0935 6.4013 -0.94458 0 0 0
104.2 1.0186 5.062 -0.43941 0 0 0
104.4 0.8963 3.6794 0.17498 0 0 0
104.6 0.83654 2.8581 0.67011 0 0 0
104.8 0.80608 2.0569 1.1786 0 0 0
105 0.65899 1.3238 1.908 0 0 0
105.2 0.41341 0.69613 2.1914 0 0 0
105.4 0.24771 1.3089 1.5916 0 0 0
105.6 0.33989 2.5902 0.90823 0 0 0
105.8 0.52757 2.8696 0.59449 0 0 0
106 0.67094 3.0297 0.53461 0 0 0
106.2 0.79333 3.3117 0.50687 0 0 0
106.4 0.85206 2.8084 0.86191 0 0 0
106.6 0.84328 2.9392 0.76873 0 0 0
106.8 0.78397 4.8118 -0.45063 0 0 0
107 0.86452 5.6971 -0.82709 0 0 0
107.2 0.95834 5.2903 -0.41124 0 0 0
107.4 0.94739 4.5355 0.010177 0 0 0
107.6 0.96927 5.0748 -0.27656 0 0 0
107.8 1.187 6.9878 -0.95779 0 0 0
108 1.5576 7.4646 -0.34989 0 0 0
108.2 1.776 6.4082 0.92178 0 0 0
108.4 1.8413 5.6348 1.6718 0 0 0
108.6 1.9013 5.1468 2.2229 0 0 0
108.8 1.9318 3.9025 3.2105 0 0 0
109 1.7216 2.4136 3.7291 0 0 0
109.2 1.0444 1.1692 2.743 0 0 0
109.4 0.36346 1.1412 0.88724 0 0 0
109.6 0.15305 2.6025 -0.7465 0 0 0
109.8 0.13498 3.3739 -1.4011 0 0 0
110 0.13795 3.1817 -1.2881 0 0 0
110.2 0.10839 2.6369 -1.0031 0 0 0
110.4 0.16725 3.2835 -1.2872 0 0 0
110.6 0.28919 4.8959 -2.0863 0 0 0
110.8 0.34017 5.2277 -2.1989 0 0 0
111 0.33838 4.4223 -1.6573 0 0 0
111.2 0.40642 4.6991 -1.6659 0 0 0
111.4 0.51905 6.1353 -2.3517 0 0 0
111.6 0.52358 6.381 -2.531 0 0 0
111.8 0.63488 6.4125 -2.223 0 0 0
112 1.0406 6.8029 -1.2594 0 0 0
112.2 1.4196 6.2915 0.27282 0 0 0
112.4 1.6195 5.6487 1.3611 0 0 0
112.6 1.7305 5.342 1.9548 0 0 0
112.8 1.7517 4.3331 2.7721 0 0 0
113 1.5902 2.9733 3.2743 0 0 0
113.2 1.1103 2.1483 2.4081 0 0 0
113.4 0.58842 1.9914 0.88011 0 0 0
113.6 0.19726 1.4947 -0.007276 0 0 0
113.8 0.12508 1.9252 -0.55971 0 0 0
114 0.2891 3.7724 -1.3993 0 0 0
114.2 0.32375 4.5392 -1.8665 0 0 0
114.4 0.29862 4.4031 -1.8616 0 0 0
114.6 0.28217 4.4768 -1.9604 0 0 0
114.8 0.21954 4.0225 -1.84 0 0 0
115 0.30184 4.0177 -1.607 0 0 0
115.2 0.59736 5.7048 -1.915 0 0 0
115.4 0.68616 6.6214 -2.2938 0 0 0
115.6 0.52839 5.7082 -2.1286 0 0 0
115.8 0.49522 5.1243 -1.8257 0 0 0
116 0.61789 6.0894 -2.1424 0 0 0
116.2 0.71552 6.9812 -2.4764 0 0 0
116.4 0.94833 6.6241 -1.4742 0 0 0
116.6 1.3431 6.5332 -0.12091 0 0 0
116.8 1.6634 6.8858 0.70389 0 0 0
117 1.7614 6.2029 1.5657 0 0 0
117.2 1.7321 4.7135 2.5807 0 0 0
117.4 1.7039 3.8767 3.1142 0 0 0
117.6 1.4962 3.5373 2.7033 0 0 0
117.8 0.99399 2.7264 1.6457 0 0 0
118 0.61698 2.5803 0.49349 0 0 0
118.2 0.63158 4.1085 -0.59947 0 0 0
118.4 0.61403 4.9887 -1.3224 0 0 0
118.6 0.44621 4.1276 -1.2672 0 0 0
118.8 0.46607 4.1095 -1.2077 0 0 0
119 0.65085 5.6214 -1.71 0 0 0
119.2 0.69568 6.344 -2.0954 0 0 0
119.4 0.56351 5.4286 -1.8678 0 0 0
119.6 0.57263 5.0922 -1.6122 0 0 0
119.8 0.77005 6.4969 -2.0037 0 0 0
120 0.83582 7.3352 -2.3959 0 0 0
120.2 0.69312 6.4269 -2.217 0 0 0
120.4 0.65421 5.9916 -2.0476 0 0 0
120.6 0.84101 7.2482 -2.3513 0 0 0
120.8 0.94507 8.0985 -2.6402 0 0 0
121 0.87013 7.4398 -2.4067 0 0 0
121.2 1.0156 7.2639 -1.7794 0 0 0
121.4 1.442 8.358 -1.1531 0 0 0
121.6 1.7377 8.7239 -0.39514 0 0 0
121.8 1.8116 7.8829 0.5166 0 0 0
122 1.7746 6.7476 1.2712 0 0 0
122.2 1.6772 5.2712 2.0822 0 0 0
122.4 1.5313 3.7607 2.7576 0 0 0
122.6 1.3292 3.4598 2.3094 0 0 0
122.8 1.0337 4.0467 0.82652 0 0 0
123 0.76108 4.3471 -0.36868 0 0 0
123.2 0.59725 4.5158 -1.0843 0 0 0
123.4 0.47487 4.473 -1.5116 0 0 0
123.6 0.38233 4.0732 -1.554 0 0 0
123.8 0.53925 5.0474 -1.7346 0 0 0
124 0.72433 6.5157 -2.1913 0 0 0
124.2 0.67773 6.6085 -2.4403 0 0 0
124.4 0.54294 5.7315 -2.2752 0 0 0
124.6 0.58942 5.8227 -2.1998 0 0 0
124.8 0.80847 7.3525 -2.591 0 0 0
125 0.78684 7.1628 -2.5309 0 0 0
125.2 0.73373 6.7454 -2.4101 0 0 0
125.4 0.81783 7.5989 -2.761 0 0 0
125.6 0.78289 7.7218 -2.9954 0 0 0
125.8 0.70604 7.428 -3.0362 0 0 0
126 0.69204 7.3642 -3.0236 0 0 0
126.2 0.71366 7.372 -2.9842 0 0 0
126.4 0.71945 7.3271 -2.9434 0 0 0
126.6 0.64566 6.8502 -2.8399 0 0 0
126.8 0.75272 7.2201 -2.74 0 0 0
127 0.97941 8.5162 -2.9369 0 0 0
127.2 1.0554 8.8621 -2.9346 0 0 0
127.4 1.0708 8.1503 -2.2969 0 0 0
127.6 1.2047 7.7091 -1.4453 0 0 0
127.8 1.3939 8.0615 -0.99994 0 0 0
128 1.4725 7.9399 -0.59738 0 0 0
128.2 1.3687 6.791 -0.063094 0 0 0
128.4 1.2515 5.6961 0.38647 0 0 0
128.6 1.2165 5.9568 0.034081 0 0 0
128.8 1.042 6.5971 -1.1589 0 0 0
129 0.86528 6.6565 -1.8895 0 0 0
129.2 0.73433 6.3911 -2.1829 0 0 0
129.4 0.63231 5.8819 -2.1935 0 0 0
129.6 0.80302 6.7176 -2.2167 0 0 0
129.8 0.9899 8.0332 -2.5429 0 0 0
130 0.9019 7.5662 -2.5383 0 0 0
130.2 0.79239 6.8736 -2.4131 0 0 0
130.4 0.95673 7.9323 -2.5803 0 0 0
130.6 1.1335 8.912 -2.6655 0 0 0
130.8 1.1748 8.6186 -2.2779 0 0 0
131 1.2158 7.797 -1.4402 0 0 0
131.2 1.3802 7.6359 -0.59593 0 0 0
131.4 1.5556 7.894 -0.053639 0 0 0
131.6 1.506 7.1888 0.33041 0 0 0
131.8 1.2683 5.6722 0.5885 0 0 0
132 1.1429 5.1856 0.47507 0 0 0
132.2 1.1739 6.4548 -0.42047 0 0 0
132.4 1.0898 7.1114 -1.3471 0 0 0
132.6 0.95645 6.964 -1.8304 0 0 0
132.8 0.89321 6.9571 -2.0872 0 0 0
133 0.90139 6.9081 -2.0262 0 0 0
133.2 0.87268 6.7789 -2.1004 0 0 0
133.4 0.79113 6.3015 -2.1597 0 0 0
133.6 0.99223 6.7683 -1.5789 0 0 0
133.8 1.3035 8.0552 -1.0595 0 0 0
134 1.345 8.0931 -0.80047 0 0 0
134.2 1.2842 7.3082 -0.4159 0 0 0
134.4 1.1914 6.4656 -0.097059 0 0 0
134.6 1.1218 5.6119 0.3871 0 0 0
134.8 1.0076 4.4482 0.84332 0 0 0
135 0.55383 3.9938 -0.29793 0 0 0
135.2 0.5587 3.2475 0.26748 0 0 0
135.4 0.54782 2.2629 0.90085 0 0 0
135.6 0.56789 1.0661 1.7248 0 0 0
135.8 0.60676 0.42113 2.3643 0 0 0
136 0.55012 0.42124 2.1802 0 0 0
136.2 0.18872 0.2359 1.0076 0 0 0
136.4 -0.26553 -0.14177 -0.18328 0 0 0
136.6 -0.54008 -0.38422 -0.856 0 0 0
136.8 -0.7271 -1.1276 -0.99437 0 0 0
137 -0.6227 -0.77554 -0.90189 0 0 0
137.2 -0.36731 0.98341 -1.2028 0 0 0
137.4 -0.4258 1.3803 -1.6118 0 0 0
137.6 -0.60374 0.41102 -1.5603 0 0 0
137.8 -0.25952 1.068 -0.9163 0 0 0
138 0.34893 2.9728 -0.22517 0 0 0
138.2 0.59483 3.3088 0.31337 0 0 0
138.4 0.66053 2.6208 0.9465 0 0 0
138.6 0.60377 1.6064 1.4634 0 0 0
138.8 0.50148 0.16468 2.0997 0 0 0
139 0.45293 -1.1831 2.8111 0 0 0
139.2 0.44745 -1.088 2.7347 0 0 0
139.4 0.19104 -0.55994 1.6026 0 0 0
139.6 -0.29293 -0.85716 0.32718 0 0 0
139.8 -0.60777 -1.7985 -0.082243 0 0 0
140 -0.65839 -1.7631 -0.30908 0 0 0
140.2 -0.51755 0.038791 -0.95392 0 0 0
140.4 -0.45123 0.97118 -1.3103 0 0 0
140.6 -0.54281 0.84387 -1.5027 0 0 0
140.8 -0.58824 0.61081 -1.5284 0 0 0
141 -0.51829 0.29423 -1.201 0 0 0
141.2 -0.095189 1.6549 -0.78152 0 0 0
141.4 0.51715 3.183 0.085785 0 0 0
141.6 0.75558 2.2586 1.3187 0 0 0
141.8 0.85835 0.98673 2.4025 0 0 0
142 0.93235 0.47616 3.0053 0 0 0
142.2 0.81913 -0.51848 3.366 0 0 0
142.4 0.66563 -1.8576 3.782 0 0 0
142.6 0.48766 -2.8263 3.815 0 0 0
142.8 0.25633 -2.616 2.976 0 0 0
143 0.059146 -1.0839 1.4808 0 0 0
143.2 -0.25369 -0.84542 0.42406 0 0 0
143.4 -0.59245 -1.885 0.070404 0 0 0
143.6 -0.5167 -0.67181 -0.44798 0 0 0
143.8 -0.37598 0.99932 -1.0511 0 0 0
144 -0.48342 0.91332 -1.3045 0 0 0
144.2 -0.59242 -0.022606 -1.0994 0 0 0
144.4 -0.50557 -0.009603 -0.91777 0 0 0
144.6 -0.3016 1.6855 -1.3486 0 0 0
144.8 -0.28085 2.4526 -1.7526 0 0 0
145 -0.41513 1.6684 -1.6818 0 0 0
145.2 -0.4335 0.98692 -1.368 0 0 0
145.4 -0.25071 2.1529 -1.5672 0 0 0
145.6 -0.15605 3.3592 -1.9921 0 0 0
145.8 -0.27731 2.5614 -1.8711 0 0 0
146 -0.34573 1.6236 -1.5533 0 0 0
146.2 -0.2088 2.6609 -1.7872 0 0 0
146.4 -0.12616 3.7209 -2.1589 0 0 0
146.6 -0.15266 3.3469 -2.0041 0 0 0
146.8 0.024463 2.9053 -1.2598 0 0 0
147 0.3747 3.4835 -0.61126 0 0 0
147.2 0.6533 4.1969 -0.22499 0 0 0
147.4 0.80386 3.728 0.47645 0 0 0
147.6 0.83479 2.8609 1.1027 0 0 0
147.8 0.7572 1.4575 1.7709 0 0 0
148 0.78051 0.2203 2.5937 0 0 0
148.2 0.65207 0.42679 2.1106 0 0 0
148.4 0.14798 0.84902 0.456 0 0 0
148.6 -0.31593 0.10256 -0.36001 0 0 0
148.8 -0.46862 -0.66597 -0.34952 0 0 0
149 -0.38035 0.47856 -0.81197 0 0 0
149.2 -0.29534 1.8736 -1.4108 0 0 0
149.4 -0.36439 1.5021 -1.3826 0 0 0
149.6 -0.45211 0.64011 -1.122 0 0 0
149.8 -0.15816 1.8971 -1.0787 0 0 0
150 0.37125 3.7829 -0.74381 0 0 0
150.2 0.63914 3.6912 0.02774 0 0 0
150.4 0.70536 3.0165 0.62727 0 0 0
150.6 0.72149 2.4184 1.0561 0 0 0
150.8 0.74859 1.8623 1.4741 0 0 0
151 0.76427 0.85711 2.1042 0 0 0
151.2 0.57835 0.31276 1.9229 0 0 0
151.4 0.22176 1.1482 0.46718 0 0 0
151.6 -0.12824 1.5301 -0.71109 0 0 0
151.8 -0.30654 1.3182 -1.0651 0 0 0
152 -0.35585 1.4048 -1.2542 0 0 0
152.2 -0.40497 0.99228 -1.1611 0 0 0
152.4 -0.30769 0.86152 -0.87643 0 0 0
152.6 -0.16007 2.3308 -1.346 0 0 0
152.8 0.051912 3.7593 -1.5784 0 0 0
153 0.42666 3.8485 -0.64038 0 0 0
153.2 0.69995 3.2324 0.44766 0 0 0
153.4 0.83867 2.0081 1.5343 0 0 0
153.6 0.9419 0.92744 2.4531 0 0 0
153.8 0.98051 0.29627 2.9996 0 0 0
154 0.96181 -1.1026 3.8111 0 0 0
154.2 0.80983 -2.1298 4.0361 0 0 0
154.4 0.37006 -1.9382 2.7922 0 0 0
154.6 -0.20483 -1.9189 1.2886 0 0 0
154.8 -0.54784 -2.4852 0.70035 0 0 0
155 -0.5763 -2.5194 0.58984 0 0 0
155.2 -0.49121 -0.61927 -0.27717 0 0 0
155.4 -0.4429 1.0002 -1.094 0 0 0
155.6 -0.50723 0.4377 -0.9591 0 0 0
155.8 -0.55879 -0.55844 -0.52898 0 0 0
156 -0.44244 0.6383 -0.92187 0 0 0
156.2 -0.31017 2.3987 -1.5824 0 0 0
156.4 -0.2553 1.9271 -1.1957 0 0 0
156.6 0.001057 1.6591 -0.43082 0 0 0
156.8 0.38433 2.9335 -0.19304 0 0 0
157 0.66294 3.3857 0.24815 0 0 0
157.2 0.8537 2.124 1.3827 0 0 0
157.4 0.96811 1.1391 2.201 0 0 0
157.6 0.97861 0.86476 2.4208 0 0 0
157.8 0.64071 0.26011 1.9779 0 0 0
158 0.02689 -0.91148 1.1575 0 0 0
158.2 -0.28697 -1.0284 0.4893 0 0 0
158.4 -0.27382 0.70774 -0.38025 0 0 0
158.6 -0.17629 1.5884 -0.6527 0 0 0
158.8 -0.11118 0.76348 -0.090306 0 0 0
159 -0.069125 -0.12431 0.44056 0 0 0
159.2 0.058306 1.1626 0.042417 0 0 0
159.4 0.33878 3.1126 -0.37238 0 0 0
159.6 0.68647 2.9288 0.38588 0 0 0
159.8 0.83647 2.0061 1.0819 0 0 0
160 0.56011 2.3175 0.42374 0 0 0
160.2 0.23007 3.4114 -0.79005 0 0 0
160.4 0.24841 3.9189 -1.4589 0 0 0
160.6 0.40857 4.4582 -1.7211 0 0 0
160.8 0.81247 6.2764 -1.687 0 0 0
161 1.2044 7.6401 -1.3593 0 0 0
161.2 1.3712 7.4415 -0.63114 0 0 0
161.4 1.4511 6.8016 0.14917 0 0 0
161.6 1.4646 5.6071 1.1215 0 0 0
161.8 1.5113 4.8616 1.8969 0 0 0
162 1.5635 4.6582 2.2668 0 0 0
162.2 1.4434 4.0031 2.3432 0 0 0
162.4 1.0201 3.0228 1.6029 0 0 0
162.6 0.56607 2.248 0.57213 0 0 0
162.8 0.48074 3.137 -0.42985 0 0 0
163 0.54735 4.6161 -1.3328 0 0 0
163.2 0.53398 4.9717 -1.6721 0 0 0
163.4 0.42718 4.3964 -1.63 0 0 0
163.6 0.46405 4.4977 -1.5739 0 0 0
163.8 0.74723 6.0801 -1.7622 0 0 0
164 1.0084 7.0513 -1.5739 0 0 0
164.2 1.1566 6.5238 -0.64577 0 0 0
164.4 1.2849 5.9599 0.28477 0 0 0
164.6 1.4928 6.1634 0.90644 0 0 0
164.8 1.5865 5.8109 1.5062 0 0 0
165 1.451 4.2779 2.2178 0 0 0
165.2 1.3057 3.0586 2.6844 0 0 0
165.4 1.177 3.411 1.9626 0 0 0
165.6 0.84203 3.8871 0.33388 0 0 0
165.8 0.5625 3.9131 -0.7679 0 0 0
166 0.47564 4.1335 -1.2972 0 0 0
166.2 0.42875 4.3617 -1.6587 0 0 0
166.4 0.42027 4.2842 -1.6351 0 0 0
166.6 0.4713 4.1957 -1.3903 0 0 0
166.8 0.70382 5.3537 -1.4212 0 0 0
167 0.81285 6.489 -1.9206 0 0 0
167.2 0.6096 5.9619 -2.344 0 0 0
167.4 0.54867 5.3783 -2.143 0 0 0
167.6 0.95386 6.5695 -1.4751 0 0 0
167.8 1.3573 7.6179 -0.7023 0 0 0
168 1.438 6.9711 0.13103 0 0 0
168.2 1.4022 5.8482 0.90437 0 0 0
168.4 1.2557 4.4487 1.5082 0 0 0
168.6 1.0573 2.6297 2.222 0 0 0
168.8 0.99227 1.3838 3.0648 0 0 0
169 1.1122 1.6949 3.4341 0 0 0
169.2 0.99547 2.2176 2.516 0 0 0
169.4 0.69457 2.2467 1.1646 0 0 0
169.6 0.52103 2.4271 0.21198 0 0 0
169.8 0.4056 2.6918 -0.57321 0 0 0
170 0.25004 2.2805 -1.0682 0 0 0
170.2 0.30826 2.7148 -1.2063 0 0 0
170.4 0.58449 4.6988 -1.6094 0 0 0
170.6 0.6298 5.5502 -2.2833 0 0 0
170.8 0.4677 4.6901 -2.5487 0 0 0
171 0.5608 4.8564 -2.2046 0 0 0
171.2 0.92951 6.3159 -1.4891 0 0 0
171.4 1.0942 6.4781 -0.97918 0 0 0
171.6 1.0355 5.218 -0.47993 0 0 0
171.8 0.90434 3.7981 0.10184 0 0 0
172 0.8396 2.9336 0.6335 0 0 0
172.2 0.81101 2.1208 1.0939 0 0 0
172.4 0.68334 1.4363 1.8398 0 0 0
172.6 0.4371 0.72855 2.2238 0 0 0
172.8 0.24905 1.1441 1.6584 0 0 0
173 0.32644 2.5093 0.96153 0 0 0
173.2 0.50777 2.8702 0.60839 0 0 0
173.4 0.6534 2.9908 0.53872 0 0 0
173.6 0.78862 3.2933 0.51381 0 0 0
173.8 0.85039 2.8865 0.81434 0 0 0
174 0.84806 2.8642 0.82168 0 0 0
174.2 0.78798 4.6116 -0.32334 0 0 0
174.4 0.84851 5.6651 -0.83949 0 0 0
174.6 0.9471 5.362 -0.47594 0 0 0
174.8 0.94249 4.5584 -0.014736 0 0 0
175 0.97007 4.9238 -0.18076 0 0 0
175.2 1.1619 6.8532 -0.9307 0 0 0
175.4 1.5181 7.5393 -0.49995 0 0 0
175.6 1.7637 6.5174 0.814 0 0 0
175.8 1.8391 5.6511 1.6506 0 0 0
176 1.8935 5.2256 2.1417 0 0 0
176.2 1.9358 4.0642 3.1023 0 0 0
176.4 1.7621 2.5492 3.7423 0 0 0
176.6 1.1178 1.2469 2.8896 0 0 0
176.8 0.41521 1.0525 1.0922 0 0 0
177 0.15878 2.4655 -0.6276 0 0 0
177.2 0.13588 3.3607 -1.384 0 0 0
177.4 0.14742 3.2555 -1.3122 0 0 0
177.6 0.1011 2.6484 -1.0321 0 0 0
177.8 0.15299 3.1242 -1.2141 0 0 0
178 0.28754 4.7989 -2.0206 0 0 0
178.2 0.33716 5.2629 -2.2306 0 0 0
178.4 0.3337 4.4595 -1.6945 0 0 0
178.6 0.39981 4.6037 -1.6185 0 0 0
178.8 0.51133 6.0333 -2.3013 0 0 0
179 0.52535 6.4097 -2.5423 0 0 0
179.2 0.61135 6.3712 -2.2646 0 0 0
179.4 0.9929 6.7804 -1.3919 0 0 0
179.6 1.3885 6.3662 0.12334 0 0 0
179.8 1.6064 5.695 1.2851 0 0 0
180 1.7214 5.3997 1.8807 0 0 0
180.2 1.7514 4.4559 2.6821 0 0 0
180.4 1.6236 3.0961 3.2874 0 0 0
180.6 1.1648 2.197 2.5408 0 0 0
180.8 0.63548 2.0093 1.0162 0 0 0
181 0.21814 1.5079 0.050899 0 0 0
181.2 0.12239 1.8018 -0.47668 0 0 0
181.4 0.27993 3.6253 -1.3207 0 0 0
181.6 0.32298 4.5258 -1.8569 0 0 0
181.8 0.30165 4.411 -1.8571 0 0 0
182 0.2826 4.4659 -1.9524 0 0 0
182.2 0.22753 4.0891 -1.8612 0 0 0
182.4 0.28742 3.9594 -1.6065 0 0 0
182.6 0.56656 5.517 -1.874 0 0 0
182.8 0.68686 6.5994 -2.2777 0 0 0
183 0.54793 5.8428 -2.1646 0 0 0
183.2 0.49128 5.1329 -1.8423 0 0 0
183.4 0.60162 5.9422 -2.087 0 0 0
183.6 0.70102 6.9316 -2.4875 0 0 0
183.8 0.91332 6.6601 -1.6147 0 0 0
184 1.3041 6.5218 -0.24028 0 0 0
184.2 1.6442 6.8934 0.63238 0 0 0
184.4 1.7668 6.3549 1.4677 0 0 0
184.6 1.7297 4.8354 2.4821 0 0 0
184.8 1.7019 3.8988 3.0904 0 0 0
185 1.5351 3.5802 2.7972 0 0 0
185.2 1.0508 2.822 1.7633 0 0 0
185.4 0.63569 2.5112 0.60862 0 0 0
185.6 0.62485 3.9452 -0.50044 0 0 0
185.8 0.62318 4.9758 -1.281 0 0 0
186 0.46192 4.2243 -1.2839 0 0 0
186.2 0.45789 4.0543 -1.1939 0 0 0
186.4 0.63154 5.4599 -1.655 0 0 0
186.6 0.69733 6.3295 -2.0769 0 0 0
186.8 0.5772 5.5433 -1.9061 0 0 0
187 0.56604 5.0691 -1.616 0 0 0
187.2 0.74817 6.3262 -1.949 0 0 0
187.4 0.83627 7.3131 -2.3779 0 0 0
187.6 0.71039 6.5421 -2.2426 0 0 0
187.8 0.64379 5.953 -2.0532 0 0 0
188 0.82035 7.1007 -2.3117 0 0 0
188.2 0.9491 8.0944 -2.6218 0 0 0
188.4 0.87232 7.5226 -2.4599 0 0 0
188.6 0.98672 7.2272 -1.851 0 0 0
188.8 1.3986 8.2386 -1.212 0 0 0
189 1.7164 8.7528 -0.49242 0 0 0
189.2 1.8104 7.9843 0.4317 0 0 0
189.4 1.7844 6.8741 1.2069 0 0 0
189.6 1.6912 5.4454 1.9966 0 0 0
189.8 1.5475 3.8763 2.7223 0 0 0
190 1.3529 3.4137 2.4269 0 0 0
190.2 1.065 3.9943 0.97751 0 0 0
190.4 0.7832 4.3362 -0.28276 0 0 0
190.6 0.60859 4.4912 -1.0247 0 0 0
190.8 0.49646 4.5433 -1.4871 0 0 0
191 0.38018 4.0727 -1.5594 0 0 0
191.2 0.50771 4.8501 -1.6969 0 0 0
191.4 0.72098 6.4277 -2.1364 0 0 0
191.6 0.68573 6.6614 -2.4499 0 0 0
191.8 0.5505 5.7957 -2.2945 0 0 0
192 0.57653 5.7321 -2.1756 0 0 0
192.2 0.79173 7.2343 -2.5602 0 0 0
192.4 0.79903 7.2534 -2.5558 0 0 0
192.6 0.73021 6.7201 -2.402 0 0 0
192.8 0.81225 7.52 -2.7187 0 0 0
193 0.79012 7.7556 -2.996 0 0 0
193.2 0.7123 7.4441 -3.0273 0 0 0
193.4 0.69534 7.3702 -3.0169 0 0 0
193.6 0.7088 7.3676 -2.995 0 0 0
193.8 0.72056 7.3508 -2.9549 0 0 0
194 0.64171 6.8584 -2.8611 0 0 0
194.2 0.73945 7.134 -2.7225 0 0 0
194.4 0.96934 8.4316 -2.9061 0 0 0
194.6 1.0465 8.861 -2.9648 0 0 0
194.8 1.0638 8.2315 -2.3884 0 0 0
195 1.1884 7.7271 -1.523 0 0 0
195.2 1.3741 8.0185 -1.0423 0 0 0
195.4 1.4711 7.9908 -0.64395 0 0 0
195.6 1.3888 6.9485 -0.11352 0 0 0
195.8 1.2651 5.7777 0.37329 0 0 0
196 1.2172 5.858 0.11717 0 0 0
196.2 1.0602 6.5508 -1.053 0 0 0
196.4 0.87976 6.6614 -1.8386 0 0 0
196.6 0.74942 6.4643 -2.1796 0 0 0
196.8 0.63974 5.9181 -2.1932 0 0 0
197 0.77374 6.5446 -2.1909 0 0 0
197.2 0.97575 7.9374 -2.5193 0 0 0
197.4 0.92445 7.6811 -2.5411 0 0 0
197.6 0.79188 6.8744 -2.4174 0 0 0
197.8 0.93172 7.7882 -2.5645 0 0 0
198 1.1226 8.8714 -2.6757 0 0 0
198.2 1.1728 8.6924 -2.3436 0 0 0
198.4 1.2067 7.8584 -1.5303 0 0 0
198.6 1.3579 7.6056 -0.67024 0 0 0
198.8 1.5491 7.9168 -0.097303 0 0 0
199 1.5184 7.2948 0.29228 0 0 0
199.2 1.287 5.7929 0.56505 0 0 0
199.4 1.1501 5.1495 0.53677 0 0 0
199.6 1.176 6.3348 -0.31459 0 0 0
199.8 1.1034 7.0986 -1.2785 0 0 0
200 0.9665 6.9732 -1.7923 0 0 0
200.2 0.89775 6.9677 -2.0731 0 0 0
200.4 0.89982 6.9127 -2.0346 0 0 0
200.6 0.88008 6.8184 -2.0917 0 0 0
200.8 0.79054 6.3128 -2.1712 0 0 0
201 0.9558 6.6498 -1.6592 0 0 0
201.2 1.2917 7.984 -1.067 0 0 0
201.4 1.3486 8.1436 -0.83227 0 0 0
201.6 1.2848 7.3864 -0.47929 0 0 0
201.8 1.2034 6.5505 -0.11847 0 0 0
202 1.129 5.7113 0.33284 0 0 0
202.2 1.0192 4.5367 0.80826 0 0 0
