0 -0.36112 -9.0104 -0.77184 0 0 0
0.2 -0.026298 -6.0677 -1.7491 0 0 0
0.4 0.10747 -4.5654 -1.9976 0 0 0
0.6 0.025287 -4.2396 -1.4639 0 0 0
0.8 -0.32232 -5.5518 -0.14666 0 0 0
1 -0.7195 -7.9653 1.1982 0 0 0
1.2 -1.1013 -10.992 2.401 0 0 0
1.4 -1.5326 -14.655 3.6229 0 0 0
1.6 -1.9762 -18.597 4.8045 0 0 0
1.8 -2.4505 -22.617 6.107 0 0 0
2 -2.9365 -26.392 7.5537 0 0 0
2.2 -3.3304 -29.709 8.6426 0 0 0
2.4 -3.3912 -30.585 8.6903 0 0 0
2.6 -2.8667 -27.224 6.9687 0 0 0
2.8 -2.0446 -21.989 4.2061 0 0 0
3 -1.3302 -17.604 1.7653 0 0 0
3.2 -0.72918 -13.827 -0.20489 0 0 0
3.4 -0.26364 -10.303 -1.6299 0 0 0
3.6 0.026403 -7.6227 -2.439 0 0 0
3.8 0.16922 -5.9963 -2.7217 0 0 0
4 0.084358 -5.2017 -2.0954 0 0 0
4.2 -0.17324 -5.464 -0.89629 0 0 0
4.4 -0.4721 -6.563 0.25503 0 0 0
4.6 -0.73667 -7.5148 1.225 0 0 0
4.8 -0.96366 -8.9361 2.0453 0 0 0
5 -1.3007 -11.891 3.0282 0 0 0
5.2 -1.7649 -16.051 4.27 0 0 0
5.4 -2.2485 -20.44 5.584 0 0 0
5.6 -2.6634 -24.423 6.7165 0 0 0
5.8 -2.9557 -27.221 7.3768 0 0 0
6 -2.9149 -26.972 7.1122 0 0 0
6.2 -2.4617 -23.732 5.7964 0 0 0 
6.4 -1.8869 -19.495 4.0908 0 0 0
6.6 -1.376 -15.859 2.364 0 0 0
6.8 -0.89145 -12.825 0.6505 0 0 0
7 -0.45765 -9.9457 -0.671 0 0 0
7.2 -0.13554 -7.5037 -1.5875 0 0 0
7.4 0.10361 -5.7974 -2.2953 0 0 0
7.6 0.19944 -4.876 -2.4795 0 0 0
7.8 0.115 -4.3637 -1.9659 0 0 0
8 -0.064936 -4.3899 -1.1064 0 0 0
8.2 -0.21907 -4.507 -0.33019 0 0 0
8.4 -0.33948 -4.6213 0.2355 0 0 0
8.6 -0.46207 -5.2609 0.61884 0 0 0
8.8 -0.66598 -6.5909 1.1858 0 0 0
9 -0.90905 -8.4742 1.8965 0 0 0
9.2 -1.1831 -10.641 2.7549 0 0 0
9.4 -1.496 -13.214 3.6483 0 0 0
9.6 -1.8061 -16.072 4.3646 0 0 0
9.8 -2.0926 -18.853 4.9823 0 0 0
10 -2.2878 -21.156 5.2412 0 0 0
10.2 -2.3137 -21.717 5.1505 0 0 0
10.4 -2.1356 -19.812 4.8171 0 0 0
10.6 -1.7668 -16.579 3.9848 0 0 0
10.8 -1.3139 -13.514 2.7775 0 0 0
11 -0.91483 -10.841 1.552 0 0 0
11.2 -0.57754 -8.7108 0.45683 0 0 0
11.4 -0.29755 -7.1216 -0.42935 0 0 0
11.6 -0.098138 -5.7609 -0.92081 0 0 0
11.8 0.047427 -4.7192 -1.3114 0 0 0
12 0.18989 -3.7447 -1.7995 0 0 0
12.2 0.27419 -2.95 -2.0034 0 0 0
12.4 0.26879 -2.6012 -1.9127 0 0 0
12.6 0.1439 -2.8247 -1.4075 0 0 0
12.8 -0.033523 -3.2161 -0.69742 0 0 0
13 -0.17807 -3.2498 -0.17206 0 0 0
13.2 -0.33177 -3.3421 0.44116 0 0 0
13.4 -0.48208 -3.572 1.0328 0 0 0
13.6 -0.62023 -3.8821 1.4317 0 0 0
13.8 -0.70999 -4.2773 1.6773 0 0 0
14 -0.75367 -4.4949 1.7588 0 0 0
14.2 -0.73839 -5.0095 1.661 0 0 0
14.4 -0.68162 -5.9016 1.4606 0 0 0
14.6 -0.67121 -6.2201 1.4294 0 0 0
14.8 -0.5904 -5.8459 1.0776 0 0 0
15 -0.49558 -5.0896 0.51322 0 0 0
15.2 -0.42631 -4.3501 0.10003 0 0 0
15.4 -0.28183 -3.7934 -0.43666 0 0 0
15.6 -0.12002 -3.2275 -1.0281 0 0 0
15.8 -0.066046 -2.6872 -1.1014 0 0 0
16 -0.055476 -2.084 -0.99688 0 0 0
16.2 0.020754 -1.6089 -1.1656 0 0 0
16.4 0.085845 -1.3027 -1.3438 0 0 0
16.6 0.032617 -1.1294 -1.1729 0 0 0
16.8 -0.13073 -1.0371 -0.66956 0 0 0
17 -0.11907 -0.76255 -0.76416 0 0 0
17.2 2.8e-05 -0.49988 -1.0836 0 0 0
17.4 0.064352 -0.48742 -0.97721 0 0 0
17.6 0.11919 -0.64876 -0.74588 0 0 0
17.8 0.11678 -0.74564 -0.54168 0 0 0
18 0.066215 -0.60133 -0.23604 0 0 0
18.2 0.031351 -0.6387 -0.044882 0 0 0
18.4 -0.08416 -1.1289 0.46613 0 0 0
18.6 -0.35539 -2.2154 1.6219 0 0 0
18.8 -0.49985 -3.399 2.0173 0 0 0
19 -0.33075 -3.5831 1.0085 0 0 0
19.2 -0.10294 -3.1327 -0.19325 0 0 0
19.4 0.016139 -2.6539 -0.87053 0 0 0
19.6 0.052609 -2.203 -1.0223 0 0 0
19.8 -0.012754 -1.929 -0.68564 0 0 0
20 -0.052099 -1.5976 -0.41016 0 0 0
20.2 -0.027373 -1.2947 -0.42574 0 0 0
20.4 0.048824 -1.1988 -0.74576 0 0 0
20.6 0.091646 -1.0038 -0.84976 0 0 0
20.8 0.045096 -0.64044 -0.49905 0 0 0
21 -0.010968 -0.26157 -0.10677 0 0 0
21.2 0.011682 -0.11205 -0.11877 0 0 0
21.4 0.083099 -0.12908 -0.41772 0 0 0
21.6 0.064788 -0.13321 -0.42243 0 0 0
21.8 -0.036598 -0.14124 0.021453 0 0 0
22 -0.12175 -0.20772 0.55516 0 0 0
22.2 -0.26317 -0.95276 1.177 0 0 0
22.4 -0.34141 -2.2324 1.2886 0 0 0
22.6 -0.2322 -2.9462 0.54889 0 0 0
22.8 -0.052058 -2.6046 -0.38507 0 0 0
23 0.10404 -2.0386 -1.1159 0 0 0
23.2 0.1896 -1.8175 -1.4973 0 0 0
23.4 0.22478 -1.6516 -1.6821 0 0 0
23.6 0.2353 -1.4839 -1.7412 0 0 0
23.8 0.26628 -1.2035 -1.7926 0 0 0
24 0.2757 -0.96474 -1.7875 0 0 0
24.2 0.28407 -0.78609 -1.7946 0 0 0
24.4 0.28263 -0.57466 -1.6753 0 0 0
24.6 0.23638 -0.32725 -1.3505 0 0 0
24.8 0.20535 0.16186 -1.0386 0 0 0
25 0.17931 0.53375 -0.76531 0 0 0
25.2 0.13042 0.5721 -0.50443 0 0 0
25.4 0.13143 0.68193 -0.40327 0 0 0
25.6 0.13356 0.80737 -0.33482 0 0 0
25.8 0.062813 0.77021 -0.029455 0 0 0
26 -0.019637 0.40505 0.29314 0 0 0
26.2 -0.041412 -0.22944 0.33917 0 0 0
26.4 -0.002053 -0.86176 0.097681 0 0 0
26.6 0.080095 -1.1886 -0.40675 0 0 0
26.8 0.17127 -1.0828 -0.9504 0 0 0
27 -0.079123 -0.21978 0.3211 0 0 0
27.2 -0.2262 -1.0987 0.87846 0 0 0
27.4 -0.48855 -2.403 1.7564 0 0 0
27.6 -0.74374 -4.1619 2.5122 0 0 0
27.8 -0.99217 -6.3066 3.1767 0 0 0
28 -1.2743 -8.8202 3.9303 0 0 0
28.2 -1.5776 -11.572 4.7223 0 0 0
28.4 -1.8639 -14.057 5.4696 0 0 0
28.6 -2.0213 -15.688 5.8251 0 0 0
28.8 -2.011 -16.459 5.6191 0 0 0
29 -1.6838 -15.781 4.2384 0 0 0
29.2 -1.0416 -13.122 1.6771 0 0 0
29.4 -0.4113 -9.3845 -0.61511 0 0 0
29.6 -0.044631 -6.2931 -1.7034 0 0 0
29.8 0.099971 -4.6634 -1.9979 0 0 0
30 0.048369 -4.2023 -1.57 0 0 0
30.2 -0.27882 -5.3492 -0.29596 0 0 0
30.4 -0.68808 -7.7018 1.0976 0 0 0
30.6 -1.0632 -10.664 2.2897 0 0 0
30.8 -1.4846 -14.265 3.489 0 0 0
31 -1.9312 -18.206 4.6884 0 0 0
31.2 -2.4048 -22.219 5.9767 0 0 0
31.4 -2.8885 -26.02 7.4092 0 0 0
31.6 -3.297 -29.444 8.5581 0 0 0
31.8 -3.4095 -30.674 8.7545 0 0 0
32 -2.9438 -27.714 7.2231 0 0 0
32.2 -2.1215 -22.494 4.4688 0 0 0
32.4 -1.3952 -17.997 1.9841 0 0 0
32.6 -0.79102 -14.207 -0.002689 0 0 0
32.8 -0.30032 -10.623 -1.5264 0 0 0
33 0.004053 -7.8446 -2.3847 0 0 0
33.2 0.16554 -6.1223 -2.7351 0 0 0
33.4 0.10139 -5.2333 -2.1896 0 0 0
33.6 -0.14548 -5.384 -1.0136 0 0 0
33.8 -0.44138 -6.4541 0.14321 0 0 0
34 -0.71462 -7.4187 1.1432 0 0 0
34.2 -0.93535 -8.7335 1.954 0 0 0
34.4 -1.2601 -11.525 2.9141 0 0 0
34.6 -1.7158 -15.603 4.1341 0 0 0
34.8 -2.1994 -20.025 5.4472 0 0 0
35 -2.6286 -24.054 6.6332 0 0 0
35.2 -2.9397 -27.054 7.3472 0 0 0
35.4 -2.938 -27.154 7.1921 0 0 0
35.6 -2.5157 -24.137 5.9551 0 0 0
35.8 -1.9431 -19.908 4.2598 0 0 0
36 -1.4278 -16.183 2.5428 0 0 0
36.2 -0.93434 -13.121 0.79127 0 0 0
36.4 -0.49752 -10.219 -0.55039 0 0 0
36.6 -0.16393 -7.7204 -1.5025 0 0 0
36.8 0.088519 -5.9243 -2.2544 0 0 0
37 0.19308 -4.9504 -2.4732 0 0 0
37.2 0.12669 -4.3915 -2.0303 0 0 0
37.4 -0.044509 -4.3674 -1.2052 0 0 0
37.6 -0.20347 -4.504 -0.40697 0 0 0
37.8 -0.33173 -4.5979 0.20592 0 0 0
38 -0.44491 -5.1631 0.5648 0 0 0
38.2 -0.6407 -6.4198 1.1078 0 0 0
38.4 -0.88545 -8.2781 1.8324 0 0 0
38.6 -1.1544 -10.41 2.6711 0 0 0
38.8 -1.463 -12.939 3.5586 0 0 0
39 -1.7738 -15.786 4.2835 0 0 0
39.2 -2.0695 -18.582 4.94 0 0 0
39.4 -2.2767 -20.986 5.245 0 0 0
39.6 -2.3172 -21.77 5.1653 0 0 0
39.8 -2.164 -20.088 4.8759 0 0 0
40 -1.8113 -16.91 4.0945 0 0 0
40.2 -1.3536 -13.803 2.8842 0 0 0
40.4 -0.95257 -11.089 1.6741 0 0 0
40.6 -0.61115 -8.8971 0.56771 0 0 0
40.8 -0.32057 -7.265 -0.36318 0 0 0
41 -0.11558 -5.8839 -0.8712 0 0 0
41.2 0.034215 -4.822 -1.2639 0 0 0
41.4 0.17694 -3.8331 -1.7628 0 0 0
41.6 0.26689 -3.0137 -2.0005 0 0 0
41.8 0.27713 -2.6088 -1.9448 0 0 0
42 0.16275 -2.7819 -1.4808 0 0 0
42.2 -0.018562 -3.1893 -0.76407 0 0 0
42.4 -0.16907 -3.2529 -0.20466 0 0 0
42.6 -0.31281 -3.3272 0.3721 0 0 0
42.8 -0.46653 -3.5421 0.9773 0 0 0
43 -0.60802 -3.8431 1.3944 0 0 0
43.2 -0.70122 -4.2529 1.6559 0 0 0
43.4 -0.75564 -4.4706 1.7721 0 0 0
43.6 -0.74383 -4.9297 1.6746 0 0 0
43.8 -0.68771 -5.8253 1.4778 0 0 0
44 -0.66887 -6.2138 1.4288 0 0 0
44.2 -0.59383 -5.9137 1.1255 0 0 0
44.4 -0.50445 -5.174 0.56448 0 0 0
44.6 -0.43858 -4.4096 0.14122 0 0 0
44.8 -0.29854 -3.8486 -0.37666 0 0 0
45 -0.13515 -3.2811 -0.99383 0 0 0
45.2 -0.070682 -2.7498 -1.085 0 0 0
45.4 -0.063841 -2.1395 -0.97476 0 0 0
45.6 0.008914 -1.6455 -1.1445 0 0 0
45.8 0.091814 -1.3314 -1.3619 0 0 0
46 0.046244 -1.1385 -1.2171 0 0 0
46.2 -0.12252 -1.0538 -0.68901 0 0 0
46.4 -0.12383 -0.79342 -0.74841 0 0 0
46.6 -0.012661 -0.5189 -1.0621 0 0 0
46.8 0.058188 -0.47909 -0.98833 0 0 0
47 0.11885 -0.6294 -0.77993 0 0 0
47.2 0.12131 -0.745 -0.57838 0 0 0
47.4 0.071655 -0.61339 -0.26206 0 0 0
47.6 0.035032 -0.62091 -0.063889 0 0 0
47.8 -0.066007 -1.0516 0.38043 0 0 0
48 -0.32795 -2.0879 1.5138 0 0 0
48.2 -0.49707 -3.317 2.0358 0 0 0
48.4 -0.35557 -3.6017 1.1466 0 0 0
48.6 -0.12333 -3.1843 -0.083893 0 0 0
48.8 0.003008 -2.7049 -0.80398 0 0 0
49 0.051861 -2.2355 -1.0262 0 0 0
49.2 -0.000266 -1.9534 -0.75022 0 0 0
49.4 -0.048165 -1.6376 -0.43316 0 0 0
49.6 -0.03636 -1.3169 -0.39559 0 0 0
49.8 0.039717 -1.2091 -0.71098 0 0 0
50 0.096669 -1.0263 -0.8747 0 0 0
50.2 0.051999 -0.68266 -0.54527 0 0 0
50.4 -0.008341 -0.29393 -0.13554 0 0 0
50.6 0.003804 -0.11581 -0.094107 0 0 0
50.8 0.079621 -0.12746 -0.3924 0 0 0
51 0.075605 -0.12905 -0.45471 0 0 0
51.2 -0.029744 -0.14974 -0.022941 0 0 0
51.4 -0.11376 -0.17889 0.50861 0 0 0
51.6 -0.24976 -0.83997 1.125 0 0 0
51.8 -0.34035 -2.1137 1.3071 0 0 0
52 -0.24968 -2.9267 0.65057 0 0 0
52.2 -0.072304 -2.6599 -0.29269 0 0 0
52.4 0.093858 -2.0797 -1.0649 0 0 0
52.6 0.18656 -1.8348 -1.4788 0 0 0
52.8 0.22118 -1.6723 -1.6695 0 0 0
53 0.2331 -1.5048 -1.7337 0 0 0
53.2 0.26279 -1.2291 -1.7869 0 0 0
53.4 0.27441 -0.98843 -1.7853 0 0 0
53.6 0.28282 -0.79826 -1.796 0 0 0
53.8 0.28683 -0.59334 -1.7046 0 0 0
54 0.24187 -0.36698 -1.385 0 0 0
54.2 0.20813 0.10901 -1.07 0 0 0
54.4 0.18174 0.5137 -0.78507 0 0 0
54.6 0.13421 0.57198 -0.52453 0 0 0
54.8 0.13161 0.66455 -0.41859 0 0 0
55 0.13372 0.79898 -0.34179 0 0 0
55.2 0.072741 0.79701 -0.067531 0 0 0
55.4 -0.010374 0.45559 0.25809 0 0 0
55.6 -0.04788 -0.17293 0.36885 0 0 0
55.8 -0.01074 -0.80863 0.14973 0 0 0
56 0.076387 -1.1744 -0.3729 0 0 0
56.2 0.16201 -1.0961 -0.90146 0 0 0
56.4 -0.068154 -0.15965 0.28072 0 0 0
56.6 -0.20844 -0.9947 0.81514 0 0 0
56.8 -0.46172 -2.2512 1.6703 0 0 0
57 -0.71554 -3.9713 2.4295 0 0 0
57.2 -0.96831 -6.0748 3.1167 0 0 0
57.4 -1.2503 -8.5444 3.8688 0 0 0
57.6 -1.5425 -11.298 4.6269 0 0 0
57.8 -1.8391 -13.85 5.4119 0 0 0
58 -2.0107 -15.559 5.803 0 0 0
58.2 -2.0242 -16.436 5.6801 0 0 0
58.4 -1.735 -15.935 4.4536 0 0 0
58.6 -1.1115 -13.451 1.9467 0 0 0
58.8 -0.4642 -9.767 -0.44587 0 0 0
59 -0.065375 -6.5344 -1.6486 0 0 0
59.2 0.090097 -4.7706 -1.9869 0 0 0
59.4 0.068096 -4.1834 -1.6635 0 0 0
59.6 -0.23621 -5.1585 -0.44581 0 0 0
59.8 -0.65609 -7.4442 0.99159 0 0 0
60 -1.0246 -10.342 2.1738 0 0 0
60.2 -1.4355 -13.878 3.3504 0 0 0
60.4 -1.887 -17.814 4.5743 0 0 0
60.6 -2.3589 -21.817 5.8485 0 0 0
60.8 -2.8388 -25.647 7.2626 0 0 0
61 -3.26 -29.15 8.4642 0 0 0
61.2 -3.4232 -30.721 8.8045 0 0 0
61.4 -3.0184 -28.189 7.4652 0 0 0
61.6 -2.2009 -23.008 4.7374 0 0 0
61.8 -1.4622 -18.397 2.2123 0 0 0
62 -0.85407 -14.586 0.2061 0 0 0
62.2 -0.33942 -10.95 -1.4153 0 0 0
62.4 -0.018284 -8.075 -2.3306 0 0 0
62.6 0.16024 -6.2551 -2.7407 0 0 0
62.8 0.11716 -5.2776 -2.2801 0 0 0
63 -0.11847 -5.3162 -1.1309 0 0 0
63.2 -0.41171 -6.3429 0.03465 0 0 0
63.4 -0.69091 -7.3269 1.0554 0 0 0
63.6 -0.90758 -8.5467 1.8598 0 0 0
63.8 -1.221 -11.172 2.803 0 0 0
64 -1.6663 -15.16 3.9986 0 0 0
64.2 -2.1491 -19.605 5.3088 0 0 0
64.4 -2.593 -23.678 6.5459 0 0 0
64.6 -2.9202 -26.856 7.3086 0 0 0
64.8 -2.9565 -27.301 7.2587 0 0 0
65 -2.5697 -24.528 6.1112 0 0 0
65.2 -2.0004 -20.328 4.4295 0 0 0
65.4 -1.4776 -16.516 2.7131 0 0 0
65.6 -0.97756 -13.416 0.93988 0 0 0
65.8 -0.54037 -10.496 -0.41722 0 0 0
66 -0.19401 -7.9425 -1.4149 0 0 0
66.2 0.071483 -6.0623 -2.2071 0 0 0
66.4 0.18462 -5.0319 -2.4571 0 0 0
66.6 0.1382 -4.425 -2.0945 0 0 0
66.8 -0.022127 -4.3449 -1.312 0 0 0
67 -0.18822 -4.5001 -0.48312 0 0 0
67.2 -0.32355 -4.5772 0.17154 0 0 0
67.4 -0.42822 -5.0704 0.50954 0 0 0
67.6 -0.044631 -6.2931 -1.7034 0 0 0
67.8 0.099971 -4.6634 -1.9979 0 0 0
68 0.048369 -4.2023 -1.57 0 0 0
68.2 -0.27882 -5.3492 -0.29596 0 0 0
68.4 -0.68808 -7.7018 1.0976 0 0 0
68.6 -1.0632 -10.664 2.2897 0 0 0
68.8 -1.4846 -14.265 3.489 0 0 0
69 -1.9312 -18.206 4.6884 0 0 0
69.2 -2.4048 -22.219 5.9767 0 0 0
69.4 -2.8885 -26.02 7.4092 0 0 0
69.6 -3.297 -29.444 8.5581 0 0 0
69.8 -3.4095 -30.674 8.7545 0 0 0
70 -2.9438 -27.714 7.2231 0 0 0
70.2 -2.1215 -22.494 4.4688 0 0 0
70.4 -1.3952 -17.997 1.9841 0 0 0
70.6 -0.79102 -14.207 -0.002689 0 0 0
70.8 -0.30032 -10.623 -1.5264 0 0 0
71 0.004053 -7.8446 -2.3847 0 0 0
71.2 0.16554 -6.1223 -2.7351 0 0 0
71.4 0.10139 -5.2333 -2.1896 0 0 0
71.6 -0.14548 -5.384 -1.0136 0 0 0
71.8 -0.44138 -6.4541 0.14321 0 0 0
72 -0.71462 -7.4187 1.1432 0 0 0
72.2 -0.93535 -8.7335 1.954 0 0 0
72.4 -1.2601 -11.525 2.9141 0 0 0
72.6 -1.7158 -15.603 4.1341 0 0 0
72.8 -2.1994 -20.025 5.4472 0 0 0
73 -2.6286 -24.054 6.6332 0 0 0
73.2 -2.9397 -27.054 7.3472 0 0 0
73.4 -2.938 -27.154 7.1921 0 0 0
73.6 -2.5157 -24.137 5.9551 0 0 0
73.8 -1.9431 -19.908 4.2598 0 0 0
74 -1.4278 -16.183 2.5428 0 0 0
74.2 -0.93434 -13.121 0.79127 0 0 0
74.4 -0.49752 -10.219 -0.55039 0 0 0
74.6 -0.16393 -7.7204 -1.5025 0 0 0
74.8 0.088519 -5.9243 -2.2544 0 0 0
75 0.19308 -4.9504 -2.4732 0 0 0
75.2 0.12669 -4.3915 -2.0303 0 0 0
75.4 -0.044509 -4.3674 -1.2052 0 0 0
75.6 -0.20347 -4.504 -0.40697 0 0 0
75.8 -0.33173 -4.5979 0.20592 0 0 0
76 -0.44491 -5.1631 0.5648 0 0 0
76.2 -0.6407 -6.4198 1.1078 0 0 0
76.4 -0.88545 -8.2781 1.8324 0 0 0
76.6 -1.1544 -10.41 2.6711 0 0 0
76.8 -1.463 -12.939 3.5586 0 0 0
77 -1.7738 -15.786 4.2835 0 0 0
77.2 -2.0695 -18.582 4.94 0 0 0
77.4 -2.2767 -20.986 5.245 0 0 0
77.6 -2.3172 -21.77 5.1653 0 0 0
77.8 -2.164 -20.088 4.8759 0 0 0
78 -1.8113 -16.91 4.0945 0 0 0
78.2 -1.3536 -13.803 2.8842 0 0 0
78.4 -0.95257 -11.089 1.6741 0 0 0
78.6 -0.61115 -8.8971 0.56771 0 0 0
78.8 -0.32057 -7.265 -0.36318 0 0 0
79 -0.11558 -5.8839 -0.8712 0 0 0
79.2 0.034215 -4.822 -1.2639 0 0 0
79.4 0.17694 -3.8331 -1.7628 0 0 0
79.6 0.26689 -3.0137 -2.0005 0 0 0
79.8 0.27713 -2.6088 -1.9448 0 0 0
80 0.16275 -2.7819 -1.4808 0 0 0
80.2 -0.018562 -3.1893 -0.76407 0 0 0
80.4 -0.16907 -3.2529 -0.20466 0 0 0
80.6 -0.31281 -3.3272 0.3721 0 0 0
80.8 -0.46653 -3.5421 0.9773 0 0 0
81 -0.60802 -3.8431 1.3944 0 0 0
81.2 -0.70122 -4.2529 1.6559 0 0 0
81.4 -0.75564 -4.4706 1.7721 0 0 0
81.6 -0.74383 -4.9297 1.6746 0 0 0
81.8 -0.68771 -5.8253 1.4778 0 0 0
82 -0.66887 -6.2138 1.4288 0 0 0
82.2 -0.59383 -5.9137 1.1255 0 0 0
82.4 -0.50445 -5.174 0.56448 0 0 0
82.6 -0.43858 -4.4096 0.14122 0 0 0
82.8 -0.29854 -3.8486 -0.37666 0 0 0
83 -0.13515 -3.2811 -0.99383 0 0 0
83.2 -0.070682 -2.7498 -1.085 0 0 0
83.4 -0.063841 -2.1395 -0.97476 0 0 0
83.6 0.008914 -1.6455 -1.1445 0 0 0
83.8 0.091814 -1.3314 -1.3619 0 0 0
84 0.046244 -1.1385 -1.2171 0 0 0
84.2 -0.12252 -1.0538 -0.68901 0 0 0
84.4 -0.12383 -0.79342 -0.74841 0 0 0
84.6 -0.012661 -0.5189 -1.0621 0 0 0
84.8 0.058188 -0.47909 -0.98833 0 0 0
85 0.11885 -0.6294 -0.77993 0 0 0
85.2 0.12131 -0.745 -0.57838 0 0 0
85.4 0.071655 -0.61339 -0.26206 0 0 0
85.6 0.035032 -0.62091 -0.063889 0 0 0
85.8 -0.066007 -1.0516 0.38043 0 0 0
86 -0.32795 -2.0879 1.5138 0 0 0
86.2 -0.49707 -3.317 2.0358 0 0 0
86.4 -0.35557 -3.6017 1.1466 0 0 0
86.6 -0.12333 -3.1843 -0.083893 0 0 0
86.8 0.003008 -2.7049 -0.80398 0 0 0
87 0.051861 -2.2355 -1.0262 0 0 0
87.2 -0.000266 -1.9534 -0.75022 0 0 0
87.4 -0.048165 -1.6376 -0.43316 0 0 0
87.6 -0.03636 -1.3169 -0.39559 0 0 0
87.8 0.039717 -1.2091 -0.71098 0 0 0
88 0.096669 -1.0263 -0.8747 0 0 0
88.2 0.051999 -0.68266 -0.54527 0 0 0
88.4 -0.008341 -0.29393 -0.13554 0 0 0
88.6 0.003804 -0.11581 -0.094107 0 0 0
88.8 0.079621 -0.12746 -0.3924 0 0 0
89 0.075605 -0.12905 -0.45471 0 0 0
89.2 -0.029744 -0.14974 -0.022941 0 0 0
89.4 -0.11376 -0.17889 0.50861 0 0 0
89.6 -0.24976 -0.83997 1.125 0 0 0
89.8 -0.34035 -2.1137 1.3071 0 0 0
90 -0.24968 -2.9267 0.65057 0 0 0
90.2 -0.072304 -2.6599 -0.29269 0 0 0
90.4 0.093858 -2.0797 -1.0649 0 0 0
90.6 0.18656 -1.8348 -1.4788 0 0 0
90.8 0.22118 -1.6723 -1.6695 0 0 0
91 0.2331 -1.5048 -1.7337 0 0 0
91.2 0.26279 -1.2291 -1.7869 0 0 0
91.4 0.27441 -0.98843 -1.7853 0 0 0
91.6 0.28282 -0.79826 -1.796 0 0 0
91.8 0.28683 -0.59334 -1.7046 0 0 0
92 0.24187 -0.36698 -1.385 0 0 0
92.2 0.20813 0.10901 -1.07 0 0 0
92.4 0.18174 0.5137 -0.78507 0 0 0
92.6 0.13421 0.57198 -0.52453 0 0 0
92.8 0.13161 0.66455 -0.41859 0 0 0
93 0.13372 0.79898 -0.34179 0 0 0
93.2 0.072741 0.79701 -0.067531 0 0 0
93.4 -0.010374 0.45559 0.25809 0 0 0
93.6 -0.04788 -0.17293 0.36885 0 0 0
93.8 -0.01074 -0.80863 0.14973 0 0 0
94 0.076387 -1.1744 -0.3729 0 0 0
94.2 0.16201 -1.0961 -0.90146 0 0 0
94.4 -0.068154 -0.15965 0.28072 0 0 0
94.6 -0.20844 -0.9947 0.81514 0 0 0
94.8 -0.46172 -2.2512 1.6703 0 0 0
95 -0.71554 -3.9713 2.4295 0 0 0
95.2 -0.96831 -6.0748 3.1167 0 0 0
95.4 -1.2503 -8.5444 3.8688 0 0 0
95.6 -1.5425 -11.298 4.6269 0 0 0
95.8 -1.8391 -13.85 5.4119 0 0 0
96 -2.0107 -15.559 5.803 0 0 0
96.2 -2.0242 -16.436 5.6801 0 0 0
96.4 -1.735 -15.935 4.4536 0 0 0
96.6 -1.1115 -13.451 1.9467 0 0 0
96.8 -0.4642 -9.767 -0.44587 0 0 0
97 -0.065375 -6.5344 -1.6486 0 0 0
97.2 0.090097 -4.7706 -1.9869 0 0 0
97.4 0.068096 -4.1834 -1.6635 0 0 0
97.6 -0.23621 -5.1585 -0.44581 0 0 0
97.8 -0.65609 -7.4442 0.99159 0 0 0
98 -1.0246 -10.342 2.1738 0 0 0
98.2 -1.4355 -13.878 3.3504 0 0 0
98.4 -1.887 -17.814 4.5743 0 0 0
98.6 -2.3589 -21.817 5.8485 0 0 0
98.8 -2.8388 -25.647 7.2626 0 0 0
99 -3.26 -29.15 8.4642 0 0 0
99.2 -3.4232 -30.721 8.8045 0 0 0
99.4 -3.0184 -28.189 7.4652 0 0 0
99.6 -2.2009 -23.008 4.7374 0 0 0
99.8 -1.4622 -18.397 2.2123 0 0 0
100 -0.85407 -14.586 0.2061 0 0 0
100.2 -0.33942 -10.95 -1.4153 0 0 0
100.4 -0.018284 -8.075 -2.3306 0 0 0
100.6 0.16024 -6.2551 -2.7407 0 0 0
100.8 0.11716 -5.2776 -2.2801 0 0 0
101 -0.11847 -5.3162 -1.1309 0 0 0
101.2 -0.41171 -6.3429 0.03465 0 0 0
101.4 -0.69091 -7.3269 1.0554 0 0 0
101.6 -0.90758 -8.5467 1.8598 0 0 0
101.8 -1.221 -11.172 2.803 0 0 0
102 -1.6663 -15.16 3.9986 0 0 0
102.2 -2.1491 -19.605 5.3088 0 0 0
102.4 -2.593 -23.678 6.5459 0 0 0
102.6 -2.9202 -26.856 7.3086 0 0 0
102.8 -2.9565 -27.301 7.2587 0 0 0
103 -2.5697 -24.528 6.1112 0 0 0
103.2 -2.0004 -20.328 4.4295 0 0 0
103.4 -1.4776 -16.516 2.7131 0 0 0
103.6 -0.97756 -13.416 0.93988 0 0 0
103.8 -0.54037 -10.496 -0.41722 0 0 0
104 -0.19401 -7.9425 -1.4149 0 0 0
104.2 0.071483 -6.0623 -2.2071 0 0 0
104.4 0.18462 -5.0319 -2.4571 0 0 0
104.6 0.1382 -4.425 -2.0945 0 0 0
104.8 -0.022127 -4.3449 -1.312 0 0 0
105 -0.18822 -4.5001 -0.48312 0 0 0
105.2 -0.32355 -4.5772 0.17154 0 0 0
105.4 -0.42822 -5.0704 0.50954 0 0 0
105.6 -0.61699 -6.256 1.0371 0 0 0
105.8 -0.86338 -8.0853 1.7767 0 0 0
106 -1.1258 -10.184 2.5847 0 0 0
106.2 -1.4295 -12.667 3.4639 0 0 0
106.4 -1.7416 -15.5 4.2046 0 0 0
106.6 -2.0455 -18.311 4.893 0 0 0
106.8 -2.2628 -20.799 5.2427 0 0 0
107 -2.3184 -21.795 5.1776 0 0 0
107.2 -2.1906 -20.349 4.9269 0 0 0
107.4 -1.8544 -17.244 4.198 0 0 0
107.6 -1.3943 -14.096 2.9936 0 0 0
107.8 -0.9912 -11.344 1.7996 0 0 0
108 -0.64499 -9.0876 0.67819 0 0 0
108.2 -0.34465 -7.4075 -0.29317 0 0 0
108.4 -0.13412 -6.0108 -0.82183 0 0 0
108.6 0.02098 -4.9248 -1.2188 0 0 0
108.8 0.16287 -3.9261 -1.7169 0 0 0
109 0.25961 -3.083 -1.9943 0 0 0
109.2 0.28447 -2.6213 -1.9738 0 0 0
109.4 0.17931 -2.741 -1.5473 0 0 0
109.6 -0.003301 -3.1586 -0.83154 0 0 0
109.8 -0.15881 -3.2572 -0.23989 0 0 0
110 -0.29239 -3.3114 0.29688 0 0 0
110.2 -0.44995 -3.5129 0.915 0 0 0
110.4 -0.59613 -3.8089 1.359 0 0 0
110.6 -0.69365 -4.2236 1.6386 0 0 0
110.8 -0.75721 -4.4468 1.7833 0 0 0
111 -0.74978 -4.8569 1.6865 0 0 0
111.2 -0.69403 -5.7407 1.4955 0 0 0
111.4 -0.66373 -6.2035 1.4232 0 0 0
111.6 -0.60033 -5.9797 1.1755 0 0 0
111.8 -0.51607 -5.2555 0.62271 0 0 0
112 -0.44727 -4.4713 0.17759 0 0 0
112.2 -0.31431 -3.9029 -0.32487 0 0 0
112.4 -0.15437 -3.3363 -0.94201 0 0 0
112.6 -0.075413 -2.8104 -1.0631 0 0 0
112.8 -0.065901 -2.1961 -0.97565 0 0 0
113 -0.000333 -1.685 -1.1302 0 0 0
113.2 0.093247 -1.362 -1.366 0 0 0
113.4 0.055159 -1.1504 -1.2482 0 0 0
113.6 -0.11007 -1.0676 -0.72225 0 0 0
113.8 -0.1261 -0.82313 -0.73669 0 0 0
114 -0.026322 -0.53888 -1.0327 0 0 0
114.2 0.052244 -0.4723 -1.001 0 0 0
114.4 0.11746 -0.61012 -0.81861 0 0 0
114.6 0.12521 -0.73992 -0.61479 0 0 0
114.8 0.075906 -0.62855 -0.28224 0 0 0
115 0.037045 -0.60812 -0.073884 0 0 0
115.2 -0.049045 -0.98026 0.30378 0 0 0
115.4 -0.29703 -1.9637 1.3871 0 0 0
115.6 -0.4885 -3.2228 2.0279 0 0 0
115.8 -0.38066 -3.6151 1.2872 0 0 0
116 -0.14706 -3.2381 0.038654 0 0 0
116.2 -0.009876 -2.7537 -0.73773 0 0 0
116.4 0.050279 -2.2697 -1.0254 0 0 0
116.6 0.011906 -1.9766 -0.80996 0 0 0
116.8 -0.044195 -1.6789 -0.45703 0 0 0
117 -0.044463 -1.3433 -0.37114 0 0 0
117.2 0.031519 -1.2162 -0.67768 0 0 0
117.4 0.098679 -1.0478 -0.88848 0 0 0
117.6 0.057791 -0.72462 -0.58781 0 0 0
117.8 -0.003824 -0.32733 -0.1716 0 0 0
118 -0.003568 -0.12188 -0.070584 0 0 0
118.2 0.073882 -0.12587 -0.35949 0 0 0
118.4 0.083867 -0.12595 -0.47918 0 0 0
118.6 -0.0218 -0.15602 -0.068876 0 0 0
118.8 -0.10579 -0.15738 0.46269 0 0 0
119 -0.23496 -0.73469 1.063 0 0 0
119.2 -0.33665 -1.9878 1.3135 0 0 0
119.4 -0.26663 -2.8935 0.75265 0 0 0
119.6 -0.091657 -2.7142 -0.20082 0 0 0
119.8 0.082985 -2.127 -1.01 0 0 0
120 0.18213 -1.8533 -1.458 0 0 0
120.2 0.21681 -1.693 -1.6532 0 0 0
120.4 0.231 -1.5214 -1.7227 0 0 0
120.6 0.25927 -1.2548 -1.7805 0 0 0
120.8 0.2735 -1.0132 -1.7857 0 0 0
121 0.28153 -0.80937 -1.7979 0 0 0
121.2 0.29078 -0.61411 -1.7319 0 0 0
121.4 0.24759 -0.40562 -1.4175 0 0 0
121.6 0.2098 0.056152 -1.0972 0 0 0
121.8 0.18383 0.49041 -0.80736 0 0 0
122 0.13939 0.57288 -0.55078 0 0 0
122.2 0.13092 0.64611 -0.42985 0 0 0
122.4 0.13223 0.78958 -0.34013 0 0 0
122.6 0.08237 0.8175 -0.10378 0 0 0
122.8 -0.00125 0.50079 0.22143 0 0 0
123 -0.051953 -0.11158 0.38783 0 0 0
123.2 -0.016959 -0.75025 0.19055 0 0 0
123.4 0.072059 -1.1546 -0.33835 0 0 0
123.6 0.15232 -1.1094 -0.85155 0 0 0
123.8 -0.057426 -0.10863 0.24094 0 0 0
124 -0.19183 -0.89558 0.75336 0 0 0
124.2 -0.43327 -2.1053 1.577 0 0 0
124.4 -0.68722 -3.7823 2.3469 0 0 0
124.6 -0.94549 -5.8446 3.0609 0 0 0
124.8 -1.2248 -8.2744 3.8027 0 0 0
125 -1.5081 -11.024 4.5346 0 0 0
125.2 -1.8141 -13.63 5.3529 0 0 0
125.4 -1.9987 -15.423 5.776 0 0 0
125.6 -2.0343 -16.4 5.7304 0 0 0
125.8 -1.7824 -16.07 4.6521 0 0 0
126 -1.181 -13.77 2.2157 0 0 0
126.2 -0.51994 -10.155 -0.2623 0 0 0
126.4 -0.09001 -6.7901 -1.5806 0 0 0
126.6 0.077844 -4.887 -1.9647 0 0 0
126.8 0.084467 -4.1829 -1.7445 0 0 0
127 -0.19472 -4.983 -0.59466 0 0 0
127.2 -0.62236 -7.1908 0.8772 0 0 0
127.4 -0.98526 -10.024 2.0516 0 0 0
127.6 -1.3864 -13.495 3.2101 0 0 0
127.8 -1.8434 -17.422 4.4624 0 0 0
128 -2.3125 -21.413 5.7211 0 0 0
128.2 -2.7889 -25.275 7.1152 0 0 0
128.4 -3.22 -28.829 8.3627 0 0 0
128.6 -3.4307 -30.726 8.8385 0 0 0
128.8 -3.0903 -28.648 7.6947 0 0 0
129 -2.2827 -23.531 5.0119 0 0 0
129.2 -1.53 -18.802 2.4438 0 0 0
129.4 -0.91657 -14.963 0.41377 0 0 0
129.6 -0.38203 -11.284 -1.2905 0 0 0
129.8 -0.042377 -8.3151 -2.2689 0 0 0
130 0.15333 -6.3947 -2.7383 0 0 0
130.2 0.13203 -5.3338 -2.3678 0 0 0
130.4 -0.091011 -5.263 -1.2531 0 0 0
130.6 -0.3832 -6.2299 -0.070652 0 0 0
130.8 -0.66678 -7.2371 0.96626 0 0 0
131 -0.8806 -8.3759 1.7637 0 0 0
131.2 -1.1833 -10.834 2.695 0 0 0
131.4 -1.6174 -14.723 3.868 0 0 0
131.6 -2.0989 -19.179 5.1719 0 0 0
131.8 -2.5556 -23.294 6.45 0 0 0
132 -2.8961 -26.628 7.2582 0 0 0
132.2 -2.9705 -27.413 7.3121 0 0 0
132.4 -2.6237 -24.904 6.2649 0 0 0
132.6 -2.0583 -20.752 4.6014 0 0 0
132.8 -1.5257 -16.858 2.8774 0 0 0
133 -1.0214 -13.714 1.0948 0 0 0
133.2 -0.58559 -10.774 -0.27424 0 0 0
133.4 -0.22575 -8.1698 -1.3247 0 0 0
133.6 0.052197 -6.2119 -2.1537 0 0 0
133.8 0.17568 -5.1163 -2.4392 0 0 0
134 0.14982 -4.4638 -2.1583 0 0 0
134.2 0.000619 -4.3267 -1.4186 0 0 0
134.4 -0.17331 -4.4954 -0.55867 0 0 0
134.6 -0.31492 -4.5594 0.13216 0 0 0
134.8 -0.4129 -4.985 0.46029 0 0 0
135 -0.065375 -6.5344 -1.6486 0 0 0
135.2 0.090097 -4.7706 -1.9869 0 0 0
135.4 0.068096 -4.1834 -1.6635 0 0 0
135.6 -0.23621 -5.1585 -0.44581 0 0 0
135.8 -0.65609 -7.4442 0.99159 0 0 0
136 -1.0246 -10.342 2.1738 0 0 0
136.2 -1.4355 -13.878 3.3504 0 0 0
136.4 -1.887 -17.814 4.5743 0 0 0
136.6 -2.3589 -21.817 5.8485 0 0 0
136.8 -2.8388 -25.647 7.2626 0 0 0
137 -3.26 -29.15 8.4642 0 0 0
137.2 -3.4232 -30.721 8.8045 0 0 0
137.4 -3.0184 -28.189 7.4652 0 0 0
137.6 -2.2009 -23.008 4.7374 0 0 0
137.8 -1.4622 -18.397 2.2123 0 0 0
138 -0.85407 -14.586 0.2061 0 0 0
138.2 -0.33942 -10.95 -1.4153 0 0 0
138.4 -0.018284 -8.075 -2.3306 0 0 0
138.6 0.16024 -6.2551 -2.7407 0 0 0
138.8 0.11716 -5.2776 -2.2801 0 0 0
139 -0.11847 -5.3162 -1.1309 0 0 0
139.2 -0.41171 -6.3429 0.03465 0 0 0
139.4 -0.69091 -7.3269 1.0554 0 0 0
139.6 -0.90758 -8.5467 1.8598 0 0 0
139.8 -1.221 -11.172 2.803 0 0 0
140 -1.6663 -15.16 3.9986 0 0 0
140.2 -2.1491 -19.605 5.3088 0 0 0
140.4 -2.593 -23.678 6.5459 0 0 0
140.6 -2.9202 -26.856 7.3086 0 0 0
140.8 -2.9565 -27.301 7.2587 0 0 0
141 -2.5697 -24.528 6.1112 0 0 0
141.2 -2.0004 -20.328 4.4295 0 0 0
141.4 -1.4776 -16.516 2.7131 0 0 0
141.6 -0.97756 -13.416 0.93988 0 0 0
141.8 -0.54037 -10.496 -0.41722 0 0 0
142 -0.19401 -7.9425 -1.4149 0 0 0
142.2 0.071483 -6.0623 -2.2071 0 0 0
142.4 0.18462 -5.0319 -2.4571 0 0 0
142.6 0.1382 -4.425 -2.0945 0 0 0
142.8 -0.022127 -4.3449 -1.312 0 0 0
143 -0.18822 -4.5001 -0.48312 0 0 0
143.2 -0.32355 -4.5772 0.17154 0 0 0
143.4 -0.42822 -5.0704 0.50954 0 0 0
143.6 -0.61699 -6.256 1.0371 0 0 0
143.8 -0.86338 -8.0853 1.7767 0 0 0
144 -1.1258 -10.184 2.5847 0 0 0
144.2 -1.4295 -12.667 3.4639 0 0 0
144.4 -1.7416 -15.5 4.2046 0 0 0
144.6 -2.0455 -18.311 4.893 0 0 0
144.8 -2.2628 -20.799 5.2427 0 0 0
145 -2.3184 -21.795 5.1776 0 0 0
145.2 -2.1906 -20.349 4.9269 0 0 0
145.4 -1.8544 -17.244 4.198 0 0 0
145.6 -1.3943 -14.096 2.9936 0 0 0
145.8 -0.9912 -11.344 1.7996 0 0 0
146 -0.64499 -9.0876 0.67819 0 0 0
146.2 -0.34465 -7.4075 -0.29317 0 0 0
146.4 -0.13412 -6.0108 -0.82183 0 0 0
146.6 0.02098 -4.9248 -1.2188 0 0 0
146.8 0.16287 -3.9261 -1.7169 0 0 0
147 0.25961 -3.083 -1.9943 0 0 0
147.2 0.28447 -2.6213 -1.9738 0 0 0
147.4 0.17931 -2.741 -1.5473 0 0 0
147.6 -0.003301 -3.1586 -0.83154 0 0 0
147.8 -0.15881 -3.2572 -0.23989 0 0 0
148 -0.29239 -3.3114 0.29688 0 0 0
148.2 -0.44995 -3.5129 0.915 0 0 0
148.4 -0.59613 -3.8089 1.359 0 0 0
148.6 -0.69365 -4.2236 1.6386 0 0 0
148.8 -0.75721 -4.4468 1.7833 0 0 0
149 -0.74978 -4.8569 1.6865 0 0 0
149.2 -0.69403 -5.7407 1.4955 0 0 0
149.4 -0.66373 -6.2035 1.4232 0 0 0
149.6 -0.60033 -5.9797 1.1755 0 0 0
149.8 -0.51607 -5.2555 0.62271 0 0 0
150 -0.44727 -4.4713 0.17759 0 0 0
150.2 -0.31431 -3.9029 -0.32487 0 0 0
150.4 -0.15437 -3.3363 -0.94201 0 0 0
150.6 -0.075413 -2.8104 -1.0631 0 0 0
150.8 -0.065901 -2.1961 -0.97565 0 0 0
151 -0.000333 -1.685 -1.1302 0 0 0
151.2 0.093247 -1.362 -1.366 0 0 0
151.4 0.055159 -1.1504 -1.2482 0 0 0
151.6 -0.11007 -1.0676 -0.72225 0 0 0
151.8 -0.1261 -0.82313 -0.73669 0 0 0
152 -0.026322 -0.53888 -1.0327 0 0 0
152.2 0.052244 -0.4723 -1.001 0 0 0
152.4 0.11746 -0.61012 -0.81861 0 0 0
152.6 0.12521 -0.73992 -0.61479 0 0 0
152.8 0.075906 -0.62855 -0.28224 0 0 0
153 0.037045 -0.60812 -0.073884 0 0 0
153.2 -0.049045 -0.98026 0.30378 0 0 0
153.4 -0.29703 -1.9637 1.3871 0 0 0
153.6 -0.4885 -3.2228 2.0279 0 0 0
153.8 -0.38066 -3.6151 1.2872 0 0 0
154 -0.14706 -3.2381 0.038654 0 0 0
154.2 -0.009876 -2.7537 -0.73773 0 0 0
154.4 0.050279 -2.2697 -1.0254 0 0 0
154.6 0.011906 -1.9766 -0.80996 0 0 0
154.8 -0.044195 -1.6789 -0.45703 0 0 0
155 -0.044463 -1.3433 -0.37114 0 0 0
155.2 0.031519 -1.2162 -0.67768 0 0 0
155.4 0.098679 -1.0478 -0.88848 0 0 0
155.6 0.057791 -0.72462 -0.58781 0 0 0
155.8 -0.003824 -0.32733 -0.1716 0 0 0
156 -0.003568 -0.12188 -0.070584 0 0 0
156.2 0.073882 -0.12587 -0.35949 0 0 0
156.4 0.083867 -0.12595 -0.47918 0 0 0
156.6 -0.0218 -0.15602 -0.068876 0 0 0
156.8 -0.10579 -0.15738 0.46269 0 0 0
157 -0.23496 -0.73469 1.063 0 0 0
157.2 -0.33665 -1.9878 1.3135 0 0 0
157.4 -0.26663 -2.8935 0.75265 0 0 0
157.6 -0.091657 -2.7142 -0.20082 0 0 0
157.8 0.082985 -2.127 -1.01 0 0 0
158 0.18213 -1.8533 -1.458 0 0 0
158.2 0.21681 -1.693 -1.6532 0 0 0
158.4 0.231 -1.5214 -1.7227 0 0 0
158.6 0.25927 -1.2548 -1.7805 0 0 0
158.8 0.2735 -1.0132 -1.7857 0 0 0
159 0.28153 -0.80937 -1.7979 0 0 0
159.2 0.29078 -0.61411 -1.7319 0 0 0
159.4 0.24759 -0.40562 -1.4175 0 0 0
159.6 0.2098 0.056152 -1.0972 0 0 0
159.8 0.18383 0.49041 -0.80736 0 0 0
160 0.13939 0.57288 -0.55078 0 0 0
160.2 0.13092 0.64611 -0.42985 0 0 0
160.4 0.13223 0.78958 -0.34013 0 0 0
160.6 0.08237 0.8175 -0.10378 0 0 0
160.8 -0.00125 0.50079 0.22143 0 0 0
161 -0.051953 -0.11158 0.38783 0 0 0
161.2 -0.016959 -0.75025 0.19055 0 0 0
161.4 0.072059 -1.1546 -0.33835 0 0 0
161.6 0.15232 -1.1094 -0.85155 0 0 0
161.8 -0.057426 -0.10863 0.24094 0 0 0
162 -0.19183 -0.89558 0.75336 0 0 0
162.2 -0.43327 -2.1053 1.577 0 0 0
162.4 -0.68722 -3.7823 2.3469 0 0 0
162.6 -0.94549 -5.8446 3.0609 0 0 0
162.8 -1.2248 -8.2744 3.8027 0 0 0
163 -1.5081 -11.024 4.5346 0 0 0
163.2 -1.8141 -13.63 5.3529 0 0 0
163.4 -1.9987 -15.423 5.776 0 0 0
163.6 -2.0343 -16.4 5.7304 0 0 0
163.8 -1.7824 -16.07 4.6521 0 0 0
164 -1.181 -13.77 2.2157 0 0 0
164.2 -0.51994 -10.155 -0.2623 0 0 0
164.4 -0.09001 -6.7901 -1.5806 0 0 0
164.6 0.077844 -4.887 -1.9647 0 0 0
164.8 0.084467 -4.1829 -1.7445 0 0 0
165 -0.19472 -4.983 -0.59466 0 0 0
165.2 -0.62236 -7.1908 0.8772 0 0 0
165.4 -0.98526 -10.024 2.0516 0 0 0
165.6 -1.3864 -13.495 3.2101 0 0 0
165.8 -1.8434 -17.422 4.4624 0 0 0
166 -2.3125 -21.413 5.7211 0 0 0
166.2 -2.7889 -25.275 7.1152 0 0 0
166.4 -3.22 -28.829 8.3627 0 0 0
166.6 -3.4307 -30.726 8.8385 0 0 0
166.8 -3.0903 -28.648 7.6947 0 0 0
167 -2.2827 -23.531 5.0119 0 0 0
167.2 -1.53 -18.802 2.4438 0 0 0
167.4 -0.91657 -14.963 0.41377 0 0 0
167.6 -0.38203 -11.284 -1.2905 0 0 0
167.8 -0.042377 -8.3151 -2.2689 0 0 0
168 0.15333 -6.3947 -2.7383 0 0 0
168.2 0.13203 -5.3338 -2.3678 0 0 0
168.4 -0.091011 -5.263 -1.2531 0 0 0
168.6 -0.3832 -6.2299 -0.070652 0 0 0
168.8 -0.66678 -7.2371 0.96626 0 0 0
169 -0.8806 -8.3759 1.7637 0 0 0
169.2 -1.1833 -10.834 2.695 0 0 0
169.4 -1.6174 -14.723 3.868 0 0 0
169.6 -2.0989 -19.179 5.1719 0 0 0
169.8 -2.5556 -23.294 6.45 0 0 0
170 -2.8961 -26.628 7.2582 0 0 0
170.2 -2.9705 -27.413 7.3121 0 0 0
170.4 -2.6237 -24.904 6.2649 0 0 0
170.6 -2.0583 -20.752 4.6014 0 0 0
170.8 -1.5257 -16.858 2.8774 0 0 0
171 -1.0214 -13.714 1.0948 0 0 0
171.2 -0.58559 -10.774 -0.27424 0 0 0
171.4 -0.22575 -8.1698 -1.3247 0 0 0
171.6 0.052197 -6.2119 -2.1537 0 0 0
171.8 0.17568 -5.1163 -2.4392 0 0 0
172 0.14982 -4.4638 -2.1583 0 0 0
172.2 0.000619 -4.3267 -1.4186 0 0 0
172.4 -0.17331 -4.4954 -0.55867 0 0 0
172.6 -0.31492 -4.5594 0.13216 0 0 0
172.8 -0.4129 -4.985 0.46029 0 0 0
173 -0.59479 -6.1004 0.97353 0 0 0
173.2 -0.84194 -7.8936 1.7223 0 0 0
173.4 -1.0974 -9.9619 2.4961 0 0 0
173.6 -1.3955 -12.398 3.3643 0 0 0
173.8 -1.7098 -15.213 4.1308 0 0 0
174 -2.0199 -18.038 4.8413 0 0 0
174.2 -2.2458 -20.594 5.2315 0 0 0
174.4 -2.3179 -21.793 5.1874 0 0 0
174.6 -2.2155 -20.596 4.9699 0 0 0
174.8 -1.8961 -17.581 4.2953 0 0 0
175 -1.4372 -14.392 3.1105 0 0 0
175.2 -1.0306 -11.605 1.9275 0 0 0
175.4 -0.67764 -9.2837 0.78331 0 0 0
175.6 -0.36991 -7.5513 -0.21832 0 0 0
175.8 -0.15376 -6.1416 -0.77268 0 0 0
176 0.007448 -5.0268 -1.1777 0 0 0
176.2 0.14848 -4.0212 -1.6662 0 0 0
176.4 0.25261 -3.1586 -1.983 0 0 0
176.6 0.29004 -2.6409 -1.995 0 0 0
176.8 0.19361 -2.7023 -1.6071 0 0 0
177 0.012257 -3.1242 -0.89984 0 0 0
177.2 -0.14619 -3.2614 -0.28241 0 0 0
177.4 -0.27197 -3.2961 0.21997 0 0 0
177.6 -0.43344 -3.4858 0.85056 0 0 0
177.8 -0.58308 -3.7779 1.3212 0 0 0
178 -0.68727 -4.1895 1.6257 0 0 0
178.2 -0.75818 -4.4233 1.7923 0 0 0
178.4 -0.7535 -4.7908 1.6952 0 0 0
178.6 -0.70071 -5.6492 1.5142 0 0 0
178.8 -0.65853 -6.1893 1.414 0 0 0
179 -0.60995 -6.0429 1.2274 0 0 0
179.2 -0.53042 -5.3341 0.68793 0 0 0
179.4 -0.45318 -4.5357 0.21153 0 0 0
179.6 -0.32875 -3.9568 -0.27577 0 0 0
179.8 -0.1769 -3.3922 -0.87499 0 0 0
180 -0.080619 -2.8686 -1.0411 0 0 0
180.2 -0.061656 -2.2537 -0.99953 0 0 0
180.4 -0.006594 -1.7274 -1.1236 0 0 0
180.6 0.090924 -1.3926 -1.3568 0 0 0
180.8 0.059624 -1.165 -1.2667 0 0 0
181 -0.094172 -1.0804 -0.76845 0 0 0
181.2 -0.12652 -0.85215 -0.72781 0 0 0
181.4 -0.040955 -0.55983 -0.99558 0 0 0
181.6 0.046389 -0.4665 -1.0151 0 0 0
181.8 0.11426 -0.59154 -0.85485 0 0 0
182 0.1286 -0.73092 -0.65101 0 0 0
182.2 0.079714 -0.64621 -0.30366 0 0 0
182.4 0.037388 -0.60035 -0.074868 0 0 0
182.6 -0.033274 -0.91496 0.23632 0 0 0
182.8 -0.26576 -1.8436 1.2577 0 0 0
183 -0.47571 -3.1172 2 0 0 0
183.2 -0.40289 -3.6224 1.4143 0 0 0
183.4 -0.17256 -3.293 0.16785 0 0 0
183.6 -0.022514 -2.8005 -0.67179 0 0 0
183.8 0.048566 -2.3068 -1.0221 0 0 0
184 0.022348 -2.0004 -0.86053 0 0 0
184.2 -0.04089 -1.7203 -0.47959 0 0 0
184.4 -0.050267 -1.3722 -0.35671 0 0 0
184.6 0.02423 -1.2203 -0.64588 0 0 0
184.8 0.097674 -1.0684 -0.89112 0 0 0
185 0.062085 -0.76556 -0.625 0 0 0
185.2 0.001851 -0.36176 -0.21169 0 0 0
185.4 -0.010045 -0.131 -0.04985 0 0 0
185.6 0.066613 -0.12433 -0.32226 0 0 0
185.8 0.089576 -0.12392 -0.49583 0 0 0
186 -0.01303 -0.15909 -0.1162 0 0 0
186.2 -0.096505 -0.14053 0.41053 0 0 0
186.4 -0.21858 -0.63794 0.99113 0 0 0
186.6 -0.33165 -1.8572 1.3149 0 0 0
186.8 -0.28299 -2.8465 0.85469 0 0 0
187 -0.11012 -2.7673 -0.10947 0 0 0
187.2 0.070317 -2.1807 -0.94807 0 0 0
187.4 0.17613 -1.8718 -1.4327 0 0 0
187.6 0.21277 -1.7137 -1.6363 0 0 0
187.8 0.22919 -1.5348 -1.7104 0 0 0
188 0.2557 -1.2805 -1.7734 0 0 0
188.2 0.27311 -1.0391 -1.7886 0 0 0
188.4 0.28051 -0.82245 -1.7998 0 0 0
188.6 0.29411 -0.63686 -1.7563 0 0 0
188.8 0.25324 -0.44016 -1.4484 0 0 0
189 0.21053 0.003171 -1.1209 0 0 0
189.2 0.18559 0.46389 -0.83217 0 0 0
189.4 0.14501 0.57482 -0.57975 0 0 0
189.6 0.13002 0.62848 -0.43953 0 0 0
189.8 0.13002 0.77915 -0.33328 0 0 0
190 0.091045 0.82978 -0.13571 0 0 0
190.2 0.007736 0.54065 0.18314 0 0 0
190.4 -0.05329 -0.044966 0.39471 0 0 0
190.6 -0.021174 -0.68659 0.21998 0 0 0
190.8 0.066642 -1.1299 -0.30071 0 0 0
191 0.14267 -1.1227 -0.80049 0 0 0
191.2 -0.04683 -0.066719 0.20139 0 0 0
191.4 -0.17576 -0.79925 0.69215 0 0 0
191.6 -0.40338 -1.965 1.477 0 0 0
191.8 -0.65941 -3.5972 2.2651 0 0 0
192 -0.92365 -5.6163 3.0091 0 0 0
192.2 -1.1978 -8.0103 3.7319 0 0 0
192.4 -1.4747 -10.75 4.4452 0 0 0
192.6 -1.7889 -13.4 5.2919 0 0 0
192.8 -1.985 -15.278 5.7443 0 0 0
193 -2.0411 -16.349 5.7706 0 0 0
193.2 -1.8259 -16.184 4.8339 0 0 0
193.4 -1.2496 -14.081 2.4829 0 0 0
193.6 -0.57849 -10.543 -0.062065 0 0 0
193.8 -0.11888 -7.06 -1.4985 0 0 0
194 0.063204 -5.0188 -1.9336 0 0 0
194.2 0.097381 -4.2006 -1.8127 0 0 0
194.4 -0.15434 -4.8227 -0.74252 0 0 0
194.6 -0.58517 -6.9392 0.74996 0 0 0
194.8 -0.94552 -9.7097 1.9256 0 0 0
195 -1.3392 -13.12 3.0725 0 0 0
195.2 -1.8002 -17.028 4.3502 0 0 0
195.4 -2.2657 -21.007 5.5945 0 0 0
195.6 -2.7391 -24.903 6.9674 0 0 0
195.8 -3.1809 -28.502 8.261 0 0 0
196 -3.4321 -30.689 8.8567 0 0 0
196.2 -3.1556 -29.068 7.9043 0 0 0
196.4 -2.3666 -24.063 5.2921 0 0 0
196.6 -1.5987 -19.213 2.6788 0 0 0
196.8 -0.97672 -15.336 0.61245 0 0 0
197 -0.42648 -11.625 -1.1575 0 0 0
197.2 -0.070026 -8.5663 -2.1919 0 0 0
197.4 0.14315 -6.5399 -2.7227 0 0 0
197.6 0.14599 -5.4021 -2.4528 0 0 0
197.8 -0.06303 -5.2246 -1.3803 0 0 0
198 -0.35414 -6.1144 -0.17986 0 0 0
198.2 -0.64212 -7.1477 0.87554 0 0 0
198.4 -0.85613 -8.2217 1.673 0 0 0
198.6 -1.1473 -10.511 2.5905 0 0 0
198.8 -1.5692 -14.29 3.7425 0 0 0
199 -2.0495 -18.745 5.0385 0 0 0
199.2 -2.5163 -22.903 6.3454 0 0 0
199.4 -2.8668 -26.371 7.1938 0 0 0
199.6 -2.9798 -27.491 7.3524 0 0 0
199.8 -2.6777 -25.266 6.4162 0 0 0
200 -2.1169 -21.177 4.7754 0 0 0
200.2 -1.5744 -17.209 3.0453 0 0 0
200.4 -1.0664 -14.014 1.2567 0 0 0
200.6 -0.63109 -11.055 -0.13111 0 0 0
200.8 -0.25859 -8.4039 -1.2327 0 0 0
201 0.030659 -6.3731 -2.0939 0 0 0
201.2 0.16699 -5.2015 -2.4235 0 0 0
201.4 0.16159 -4.508 -2.222 0 0 0
201.6 0.022924 -4.3148 -1.5211 0 0 0
201.8 -0.15877 -4.4898 -0.63337 0 0 0
202 -0.30577 -4.5444 0.087621 0 0 0
202.2 -0.39893 -4.907 0.41704 0 0 0
